Output files: /afs/cern.ch/user/g/gmarques/private/ext/TotalActiveEnergy-2014-08-15-09_49_14.txt /afs/cern.ch/user/g/gmarques/private/ext/TotalActiveEnergy2-2014-08-15-09_49_14.txt
1408088956 0
1408088956 d3
1408088960 0
1408088960 eb
1408088964 0
1408088964 e7
1408088966 0
1408088966 e8
1408088970 0
1408088970 e6
1408088974 0
1408088974 e6
1408088978 0
1408088978 e8
1408088982 0
1408088982 e6
1408088987 0
1408088987 ee
1408088991 0
1408088991 d5
1408088993 1
1408088993 44
1408088997 1
1408088997 4c
1408088999 1
1408088999 51
1408089003 1
1408089003 52
1408089005 1
1408089005 52
1408089009 1
1408089009 53
1408089013 1
1408089013 54
1408089017 1
1408089017 55
1408089020 1
1408089020 55
1408089023 1
1408089023 56
1408089028 1
1408089028 56
1408089030 1
1408089030 57
1408089032 1
1408089032 56
1408089036 1
1408089036 56
1408089040 1
1408089040 57
1408089044 1
1408089044 58
1408089048 1
1408089048 58
1408089050 1
1408089050 59
1408089054 1
1408089054 59
1408089058 1
1408089058 59
1408089062 1
1408089062 59
1408089066 1
1408089066 5a
1408089071 1
1408089071 5a
1408089073 1
1408089073 5b
1408089077 1
1408089077 5b
1408089079 1
1408089079 5a
1408089083 1
1408089083 5b
1408089085 1
1408089085 5c
1408089089 1
1408089089 5c
1408089093 1
1408089093 5c
1408089097 1
1408089097 5b
1408089102 1
1408089102 62
1408089105 1
1408089105 63
1408089108 1
1408089108 63
1408089112 1
1408089112 62
1408089116 1
1408089116 63
1408089118 1
1408089118 5c
1408089122 1
1408089122 63
1408089126 1
1408089126 63
1408089130 1
1408089130 63
1408089134 1
1408089134 63
1408089202 1
1408089202 63
1408089204 1
1408089204 64
1408089208 1
1408089208 64
1408089212 1
1408089212 64
1408089217 1
1408089217 64
1408089219 1
1408089219 64
1408089221 1
1408089221 64
1408089225 1
1408089225 63
1408089229 1
1408089229 64
1408089233 1
1408089233 64
1408089237 1
1408089237 64
1408089244 1
1408089244 64
1408089248 1
1408089248 64
1408089252 1
1408089252 64
1408089256 1
1408089256 64
Refreshing cookie
1408089262 1
1408089262 64
1408089266 1
1408089266 64
1408089271 1
1408089271 65
1408089274 1
1408089274 64
1408089279 1
1408089279 64
1408089283 1
1408089283 64
1408089287 1
1408089287 64
1408089291 1
1408089291 64
1408089293 1
1408089293 64
1408089297 1
1408089297 65
1408089301 1
1408089301 64
1408089307 1
1408089307 65
1408089310 1
1408089310 64
1408089313 1
1408089313 65
1408089320 1
1408089320 65
1408089324 1
1408089324 65
1408089328 1
1408089328 65
1408089332 1
1408089332 65
1408089336 1
1408089336 65
1408089340 1
1408089340 65
1408089344 1
1408089344 65
1408089348 1
1408089348 65
1408089352 1
1408089352 65
1408089355 1
1408089355 65
1408089361 1
1408089361 65
1408089365 1
1408089365 65
1408089369 1
1408089369 65
1408089373 1
1408089373 65
1408089377 1
1408089377 65
1408089381 1
1408089381 65
1408089385 1
1408089385 65
1408089389 1
1408089389 65
1408089392 1
1408089392 65
1408089396 1
1408089396 65
1408089400 1
1408089400 65
1408089404 1
1408089404 65
1408089406 1
1408089406 65
1408089410 1
1408089410 65
1408089414 1
1408089414 65
1408089418 1
1408089418 65
1408089422 1
1408089422 65
1408089425 1
1408089425 65
1408089428 1
1408089428 65
1408089431 1
1408089431 65
1408089435 1
1408089435 65
1408089437 1
1408089437 65
1408089441 1
1408089441 65
1408089445 1
1408089445 65
1408089449 1
1408089449 65
1408089453 1
1408089453 65
1408089457 1
1408089457 65
1408089461 1
1408089461 65
1408089471 1
1408089471 65
1408089475 1
1408089475 64
1408089479 1
1408089479 65
1408089483 1
1408089483 64
1408089486 1
1408089486 65
1408089488 1
1408089488 65
1408089489 1
1408089489 65
1408089490 1
1408089490 65
1408089492 1
1408089492 65
1408089493 1
1408089493 65
1408089494 1
1408089494 65
1408089495 1
1408089495 65
1408089497 1
1408089497 65
1408089498 1
1408089498 65
1408089499 1
1408089499 65
1408089501 1
1408089501 65
1408089502 1
1408089502 65
1408089503 1
1408089503 65
1408089505 1
1408089505 65
1408089507 1
1408089507 65
1408089508 1
1408089508 65
1408089510 1
1408089510 65
1408089511 1
1408089511 65
1408089513 1
1408089513 64
1408089514 1
1408089514 64
1408089515 1
1408089515 65
1408089517 1
1408089517 65
1408089518 1
1408089518 65
1408089519 1
1408089519 65
1408089520 1
1408089520 65
1408089522 1
1408089522 65
1408089523 1
1408089523 64
1408089524 1
1408089524 65
1408089527 1
1408089527 65
1408089528 1
1408089528 65
1408089529 1
1408089529 65
1408089531 1
1408089531 65
1408089532 1
1408089532 65
1408089534 1
1408089534 65
1408089535 1
1408089535 65
1408089536 1
1408089536 65
1408089538 1
1408089538 65
1408089539 1
1408089539 65
1408089540 1
1408089540 65
1408089541 1
1408089541 65
1408089543 1
1408089543 65
1408089544 1
1408089544 65
1408089545 1
1408089545 65
1408089547 1
1408089547 65
1408089548 1
1408089548 65
1408089549 1
1408089549 65
1408089551 1
1408089551 65
1408089552 1
1408089552 64
1408089553 1
1408089553 65
1408089556 1
1408089556 65
1408089557 1
1408089557 65
1408089558 1
1408089558 65
1408089560 1
1408089560 65
Refreshing cookie
1408089561 1
1408089561 63
1408089562 1
1408089562 65
1408089564 1
1408089564 65
1408089565 1
1408089565 65
1408089566 1
1408089566 65
1408089567 1
1408089567 65
1408089569 1
1408089569 65
1408089570 1
1408089570 65
1408089571 1
1408089571 65
1408089573 1
1408089573 65
1408089574 1
1408089574 65
1408089575 1
1408089575 65
1408089576 1
1408089576 65
1408089577 1
1408089577 65
1408089579 1
1408089579 65
1408089580 1
1408089580 65
1408089581 1
1408089581 65
1408089583 1
1408089583 65
1408089584 1
1408089584 65
1408089585 1
1408089585 64
1408089587 1
1408089587 64
1408089588 1
1408089588 65
1408089589 1
1408089589 65
1408089590 1
1408089590 65
1408089592 1
1408089592 65
1408089593 1
1408089593 65
1408089594 1
1408089594 65
1408089596 1
1408089596 64
1408089597 1
1408089597 64
1408089598 1
1408089598 65
1408089600 1
1408089600 64
1408089601 1
1408089601 65
1408089602 1
1408089602 65
1408089604 1
1408089604 64
1408089605 1
1408089605 65
1408089606 1
1408089606 65
1408089607 1
1408089607 64
1408089609 1
1408089609 65
1408089610 1
1408089610 65
1408089611 1
1408089611 65
1408089612 1
1408089612 65
1408089614 1
1408089614 64
1408089615 1
1408089615 65
1408089616 1
1408089616 65
1408089617 1
1408089617 64
1408089619 1
1408089619 65
1408089620 1
1408089620 65
1408089621 1
1408089621 65
1408089623 1
1408089623 65
1408089624 1
1408089624 65
1408089625 1
1408089625 65
1408089626 1
1408089626 65
1408089628 1
1408089628 65
1408089629 1
1408089629 65
1408089630 1
1408089630 65
1408089631 1
1408089631 65
1408089633 1
1408089633 65
1408089634 1
1408089634 65
1408089635 1
1408089635 65
1408089636 1
1408089636 65
1408089638 1
1408089638 65
1408089639 1
1408089639 64
1408089640 1
1408089640 65
1408089642 1
1408089642 65
1408089643 1
1408089643 65
1408089644 1
1408089644 65
1408089646 1
1408089646 65
1408089647 1
1408089647 65
1408089648 1
1408089648 65
1408089650 1
1408089650 65
1408089651 1
1408089651 65
1408089652 1
1408089652 65
1408089653 1
1408089653 65
1408089655 1
1408089655 65
1408089656 1
1408089656 65
1408089657 1
1408089657 65
1408089659 1
1408089659 65
1408089660 1
1408089660 65
1408089661 1
1408089661 65
1408089662 1
1408089662 66
1408089664 1
1408089664 68
1408089665 1
1408089665 65
1408089666 1
1408089666 65
1408089667 1
1408089667 65
1408089669 1
1408089669 65
1408089670 1
1408089670 64
1408089671 1
1408089671 65
1408089673 1
1408089673 64
1408089674 1
1408089674 65
1408089675 1
1408089675 65
1408089677 1
1408089677 65
1408089678 1
1408089678 64
1408089679 1
1408089679 65
1408089680 1
1408089680 65
1408089682 1
1408089682 64
1408089683 1
1408089683 64
1408089684 1
1408089684 65
1408089687 1
1408089687 64
1408089688 1
1408089688 65
1408089760 1
1408089760 65
1408089765 1
1408089765 64
1408089768 1
1408089768 64
1408089771 1
1408089771 64
1408089775 1
1408089775 64
1408089779 1
1408089779 65
1408089783 1
1408089783 64
1408089787 1
1408089787 65
1408089791 1
1408089791 65
1408089793 1
1408089793 64
1408089797 1
1408089797 64
1408089801 1
1408089801 65
1408089805 1
1408089805 64
1408089810 1
1408089810 65
1408089814 1
1408089814 65
1408089818 1
1408089818 65
1408089820 1
1408089820 65
1408089824 1
1408089824 64
1408089826 1
1408089826 65
1408089830 1
1408089830 64
1408089834 1
1408089834 64
1408089838 1
1408089838 65
1408089841 1
1408089841 64
1408089845 1
1408089845 64
1408089849 1
1408089849 64
1408089851 1
1408089851 64
1408089855 1
1408089855 65
1408089859 1
1408089859 65
Refreshing cookie
1408089927 1
1408089927 64
1408089931 1
1408089931 64
1408089935 1
1408089935 64
1408089939 1
1408089939 65
1408089943 1
1408089943 64
1408089947 1
1408089947 64
1408089949 1
1408089949 65
1408089953 1
1408089953 65
1408089957 1
1408089957 65
1408089962 1
1408089962 65
1408089964 1
1408089964 64
1408089968 1
1408089968 64
1408089972 1
1408089972 64
1408089976 1
1408089976 65
1408089978 1
1408089978 65
1408089982 1
1408089982 64
1408089984 1
1408089984 64
1408089988 1
1408089988 64
1408090055 1
1408090055 65
1408090059 1
1408090059 64
1408090061 1
1408090061 64
1408090065 1
1408090065 64
1408090069 1
1408090069 64
1408090072 1
1408090072 64
1408090076 1
1408090076 64
1408090078 1
1408090078 64
1408090082 1
1408090082 65
1408090086 1
1408090086 64
1408090090 1
1408090090 64
1408090094 1
1408090094 64
1408090098 1
1408090098 64
1408090102 1
1408090102 65
1408090106 1
1408090106 65
1408090110 1
1408090110 64
1408090111 1
1408090111 64
1408090112 1
1408090112 64
1408090114 1
1408090114 65
1408090116 1
1408090116 64
1408090117 1
1408090117 64
1408090118 1
1408090118 65
1408090119 1
1408090119 64
1408090122 1
1408090122 64
1408090123 1
1408090123 65
1408090124 1
1408090124 65
1408090126 1
1408090126 64
1408090127 1
1408090127 65
1408090128 1
1408090128 65
1408090129 1
1408090129 65
1408090131 1
1408090131 64
1408090132 1
1408090132 65
1408090133 1
1408090133 64
1408090135 1
1408090135 64
1408090136 1
1408090136 65
1408090137 1
1408090137 64
1408090139 1
1408090139 65
1408090140 1
1408090140 65
1408090141 1
1408090141 65
1408090142 1
1408090142 65
1408090144 1
1408090144 65
1408090145 1
1408090145 64
1408090146 1
1408090146 65
1408090148 1
1408090148 64
1408090149 1
1408090149 64
1408090150 1
1408090150 65
1408090151 1
1408090151 65
1408090153 1
1408090153 64
1408090155 1
1408090155 65
1408090156 1
1408090156 65
1408090158 1
1408090158 64
1408090159 1
1408090159 65
1408090160 1
1408090160 65
1408090162 1
1408090162 64
1408090163 1
1408090163 64
1408090165 1
1408090165 64
1408090166 1
1408090166 64
1408090167 1
1408090167 64
1408090169 1
1408090169 65
1408090170 1
1408090170 64
1408090171 1
1408090171 65
1408090172 1
1408090172 64
1408090173 1
1408090173 65
1408090175 1
1408090175 64
1408090176 1
1408090176 65
1408090177 1
1408090177 65
1408090179 1
1408090179 65
1408090180 1
1408090180 64
1408090182 1
1408090182 64
1408090184 1
1408090184 65
1408090185 1
1408090185 64
1408090186 1
1408090186 65
1408090188 1
1408090188 64
1408090190 1
1408090190 65
1408090192 1
1408090192 64
1408090193 1
1408090193 65
1408090194 1
1408090194 65
1408090196 1
1408090196 65
1408090197 1
1408090197 64
1408090199 1
1408090199 64
1408090200 1
1408090200 65
1408090201 1
1408090201 64
1408090203 1
1408090203 65
1408090204 1
1408090204 64
1408090205 1
1408090205 65
1408090206 1
1408090206 65
1408090208 1
1408090208 64
1408090209 1
1408090209 64
1408090210 1
1408090210 64
1408090212 1
1408090212 64
1408090213 1
1408090213 64
1408090214 1
1408090214 65
1408090215 1
1408090215 64
1408090217 1
1408090217 64
1408090218 1
1408090218 65
1408090219 1
1408090219 64
1408090221 1
1408090221 64
1408090222 1
1408090222 64
1408090223 1
1408090223 64
1408090224 1
1408090224 65
1408090226 1
1408090226 64
1408090227 1
1408090227 65
Refreshing cookie
1408090228 1
1408090228 65
1408090230 1
1408090230 65
1408090231 1
1408090231 65
1408090232 1
1408090232 65
1408090233 1
1408090233 64
1408090235 1
1408090235 65
1408090236 1
1408090236 65
1408090237 1
1408090237 64
1408090238 1
1408090238 65
1408090240 1
1408090240 64
1408090243 1
1408090243 64
1408090244 1
1408090245 65
1408090247 1
1408090247 64
1408090249 1
1408090249 65
1408090251 1
1408090251 65
1408090253 1
1408090253 64
1408090255 1
1408090255 64
1408090257 1
1408090257 64
1408090259 1
1408090259 64
1408090261 1
1408090261 64
1408090263 1
1408090263 64
1408090265 1
1408090265 65
1408090267 1
1408090267 64
1408090270 1
1408090270 64
1408090272 1
1408090272 64
1408090273 1
1408090274 64
1408090276 1
1408090276 65
1408090278 1
1408090278 65
1408090280 1
1408090280 64
1408090282 1
1408090282 64
1408090284 1
1408090284 64
1408090286 1
1408090286 65
1408090288 1
1408090288 65
1408090290 1
1408090290 64
1408090292 1
1408090292 64
1408090294 1
1408090294 65
1408090296 1
1408090296 64
1408090299 1
1408090299 64
1408090300 1
1408090300 65
1408090302 1
1408090302 64
1408090304 1
1408090304 64
1408090306 1
1408090306 64
1408090309 1
1408090309 64
1408090311 1
1408090311 65
1408090313 1
1408090313 64
1408090315 1
1408090315 65
1408090317 1
1408090317 65
1408090319 1
1408090319 64
1408090321 1
1408090321 64
1408090323 1
1408090323 64
1408090325 1
1408090325 64
1408090327 1
1408090327 65
1408090329 1
1408090329 65
1408090331 1
1408090331 65
1408090333 1
1408090333 64
1408090335 1
1408090335 65
1408090337 1
1408090337 64
1408090339 1
1408090339 65
1408090341 1
1408090341 64
1408090343 1
1408090343 64
1408090346 1
1408090346 64
1408090348 1
1408090348 64
1408090350 1
1408090350 64
1408090352 1
1408090352 64
1408090356 1
1408090356 64
1408090360 1
1408090360 64
1408090364 1
1408090364 64
1408090366 1
1408090366 65
1408090370 1
1408090370 64
1408090374 1
1408090374 64
1408090378 1
1408090378 64
1408090383 1
1408090383 64
1408090387 1
1408090387 64
1408090391 1
1408090391 64
1408090395 1
1408090395 64
1408090399 1
1408090399 64
1408090403 1
1408090403 64
1408090407 1
1408090407 65
1408090409 1
1408090409 64
1408090413 1
1408090413 64
1408090416 1
1408090416 65
1408090420 1
1408090420 65
1408090424 1
1408090424 64
1408090428 1
1408090428 64
1408090430 1
1408090430 64
1408090434 1
1408090434 64
1408090438 1
1408090438 65
1408090442 1
1408090442 64
1408090446 1
1408090446 64
1408090450 1
1408090450 64
1408090454 1
1408090454 64
1408090457 1
1408090457 64
1408090461 1
1408090461 64
1408090465 1
1408090465 64
1408090469 1
1408090469 65
1408090471 1
1408090471 64
1408090475 1
1408090475 64
1408090479 1
1408090479 64
1408090483 1
1408090483 64
1408090487 1
1408090487 64
1408090491 1
1408090491 64
1408090496 1
1408090496 64
1408090499 1
1408090499 64
1408090503 1
1408090503 64
1408090507 1
1408090507 64
1408090511 1
1408090511 64
1408090513 1
1408090513 64
1408090517 1
1408090517 64
1408090521 1
1408090521 64
1408090525 1
1408090525 64
1408090527 1
1408090527 64
1408090531 1
1408090531 64
Refreshing cookie
1408090535 1
1408090535 64
1408090538 1
1408090538 64
1408090542 1
1408090542 64
1408090546 1
1408090546 64
1408090550 1
1408090550 65
1408090554 1
1408090554 64
1408090558 1
1408090558 65
1408090562 1
1408090562 64
1408090566 1
1408090566 64
1408090570 1
1408090570 65
1408090574 1
1408090574 65
1408090578 1
1408090579 65
1408090583 1
1408090583 64
1408090587 1
1408090587 64
1408090591 1
1408090591 64
1408090595 1
1408090595 64
1408090599 1
1408090599 64
1408090603 1
1408090603 64
1408090607 1
1408090607 65
1408090611 1
1408090611 64
1408090614 1
1408090614 64
1408090618 1
1408090618 64
1408090622 1
1408090622 64
1408090624 1
1408090624 65
1408090628 1
1408090628 65
1408090632 1
1408090632 65
1408090634 1
1408090634 64
1408090638 1
1408090638 64
1408090640 1
1408090640 64
1408090644 1
1408090644 65
1408090648 1
1408090648 64
1408090651 1
1408090651 65
1408090654 1
1408090654 65
1408090659 1
1408090659 65
1408090661 1
1408090661 64
1408090665 1
1408090665 65
1408090669 1
1408090669 64
1408090673 1
1408090673 64
1408090677 1
1408090677 64
1408090681 1
1408090681 65
1408090685 1
1408090685 64
1408090689 1
1408090689 64
1408090693 1
1408090693 64
1408090697 1
1408090698 65
1408090700 1
1408090700 65
1408090701 1
1408090701 64
1408090702 1
1408090702 65
1408090704 1
1408090704 64
1408090705 1
1408090705 65
1408090706 1
1408090706 65
1408090707 1
1408090707 65
1408090709 1
1408090709 64
1408090710 1
1408090710 65
1408090711 1
1408090711 65
1408090713 1
1408090713 65
1408090715 1
1408090715 64
1408090716 1
1408090716 64
1408090717 1
1408090717 64
1408090719 1
1408090719 64
1408090720 1
1408090720 65
1408090721 1
1408090721 64
1408090722 1
1408090722 64
1408090724 1
1408090724 64
1408090725 1
1408090725 65
1408090726 1
1408090726 65
1408090728 1
1408090728 65
1408090729 1
1408090729 64
1408090730 1
1408090730 65
1408090731 1
1408090731 65
1408090733 1
1408090733 64
1408090734 1
1408090734 65
1408090735 1
1408090735 65
1408090737 1
1408090737 65
1408090738 1
1408090738 65
1408090739 1
1408090739 65
1408090740 1
1408090740 65
1408090741 1
1408090741 65
1408090743 1
1408090743 65
1408090744 1
1408090744 65
1408090745 1
1408090745 65
1408090746 1
1408090746 65
1408090748 1
1408090748 65
1408090749 1
1408090749 65
1408090750 1
1408090750 65
1408090751 1
1408090751 65
1408090753 1
1408090753 65
1408090754 1
1408090754 65
1408090755 1
1408090755 65
1408090757 1
1408090757 65
1408090758 1
1408090758 65
1408090760 1
1408090760 65
1408090761 1
1408090761 65
1408090762 1
1408090762 65
1408090763 1
1408090763 65
1408090765 1
1408090765 65
1408090766 1
1408090766 65
1408090767 1
1408090767 65
1408090769 1
1408090769 65
1408090771 1
1408090771 64
1408090772 1
1408090772 65
1408090773 1
1408090773 62
1408090775 1
1408090775 5c
1408090777 1
1408090777 5b
1408090778 1
1408090778 5c
1408090779 1
1408090779 5b
1408090782 1
1408090782 47
1408090783 1
1408090783 43
1408090784 1
1408090784 41
1408090785 1
1408090785 3f
1408090787 1
1408090787 39
1408090788 1
1408090788 39
1408090789 1
1408090789 39
1408090790 1
1408090790 33
1408090792 1
1408090792 30
1408090793 1
1408090793 2c
1408090794 1
1408090794 2c
1408090796 1
1408090796 2b
1408090797 1
1408090797 28
1408090799 1
1408090799 28
1408090801 1
1408090801 28
1408090802 1
1408090802 28
1408090805 1
1408090805 28
1408090807 1
1408090807 23
1408090809 1
1408090809 20
1408090811 1
1408090811 22
1408090813 1
1408090813 20
1408090816 1
1408090816 14
1408090817 1
1408090817 14
1408090819 1
1408090819 10
1408090822 1
1408090822 c
1408090823 1
1408090824 5
1408090826 0
1408090826 d8
1408090828 0
1408090828 d8
1408090830 0
1408090830 d7
1408090832 0
1408090832 d7
1408090834 0
1408090834 d7
Refreshing cookie
1408090838 0
1408090838 d7
1408090840 0
1408090840 d7
1408090842 0
1408090842 d7
1408090844 0
1408090844 d6
1408090846 0
1408090846 d6
1408090848 0
1408090848 d6
1408090850 0
1408090850 d6
1408090852 0
1408090852 d6
1408090854 0
1408090854 d5
1408090856 0
1408090856 d5
1408090858 0
1408090858 d5
1408090860 0
1408090860 d5
1408090863 0
1408090863 d5
1408090865 0
1408090865 d5
1408090867 0
1408090867 d4
1408090869 0
1408090869 d5
1408090871 0
1408090871 d5
1408090873 0
1408090873 d6
1408090875 0
1408090875 d6
1408090877 0
1408090877 d5
1408090879 0
1408090879 d5
1408090881 0
1408090881 d4
1408090883 0
1408090883 d4
1408090885 0
1408090885 d5
1408090887 0
1408090887 d4
1408090889 0
1408090889 d4
1408090891 0
1408090891 d4
1408090893 0
1408090893 d4
1408090895 0
1408090895 d4
1408090897 0
1408090897 d5
1408090899 0
1408090899 d5
1408090901 0
1408090901 d5
1408090903 0
1408090903 d5
1408090906 0
1408090906 d4
1408090908 0
1408090908 d4
