Output files: /afs/cern.ch/user/g/gmarques/private/ext/TotalActiveEnergy-2014-08-15-09_18_06.txt /afs/cern.ch/user/g/gmarques/private/ext/TotalActiveEnergy2-2014-08-15-09_18_06.txt
1408087090 0
1408087090 e9
1408087094 0
1408087094 e7
1408087098 0
1408087098 e7
1408087103 0
1408087103 e7
1408087107 0
1408087107 e7
1408087112 0
1408087112 e6
1408087115 0
1408087115 e8
1408087119 0
1408087119 f4
1408087121 1
1408087121 2
1408087123 0
1408087123 e8
1408087124 0
1408087124 e4
1408087125 0
1408087125 da
1408087127 0
1408087127 da
1408087128 0
1408087128 d6
1408087130 0
1408087130 db
1408087131 0
1408087131 d7
1408087133 1
1408087133 5f
1408087134 1
1408087134 5f
1408087135 1
1408087135 61
1408087137 1
1408087137 61
1408087138 1
1408087138 63
1408087140 1
1408087140 63
1408087141 1
1408087141 62
1408087142 1
1408087142 63
1408087144 1
1408087144 64
1408087145 1
1408087145 64
1408087147 1
1408087147 64
1408087148 1
1408087148 64
1408087150 1
1408087150 65
1408087151 1
1408087151 65
1408087153 1
1408087153 66
1408087156 1
1408087156 66
1408087157 1
1408087157 66
1408087159 1
1408087159 67
1408087160 1
1408087160 67
1408087161 1
1408087161 68
1408087163 1
1408087163 68
1408087164 1
1408087164 68
1408087166 1
1408087166 68
1408087167 1
1408087167 69
1408087169 1
1408087169 68
1408087170 1
1408087170 68
1408087171 1
1408087171 69
1408087173 1
1408087173 69
1408087174 1
1408087174 69
1408087176 1
1408087176 6a
1408087177 1
1408087177 69
1408087179 1
1408087179 6a
1408087181 1
1408087181 6a
1408087182 1
1408087182 6a
1408087184 1
1408087184 6a
1408087185 1
1408087185 6a
1408087186 1
1408087186 6a
1408087188 1
1408087188 6a
1408087189 1
1408087189 6a
1408087191 1
1408087191 6a
1408087192 1
1408087192 6b
1408087194 1
1408087194 6b
1408087196 1
1408087196 6b
1408087197 1
1408087197 6b
1408087198 1
1408087198 6b
1408087200 1
1408087200 6b
1408087202 1
1408087202 6c
1408087203 1
1408087203 6b
1408087205 1
1408087205 6d
1408087207 1
1408087207 6c
1408087208 1
1408087208 6c
1408087209 1
1408087209 6c
1408087211 1
1408087211 6c
1408087212 1
1408087212 6c
1408087214 1
1408087214 6c
1408087215 1
1408087215 6c
1408087217 1
1408087217 6c
1408087218 1
1408087218 6d
1408087220 1
1408087220 6c
1408087221 1
1408087221 6d
1408087223 1
1408087223 6d
1408087224 1
1408087224 6d
1408087226 1
1408087226 6d
1408087227 1
1408087227 6d
1408087228 1
1408087228 6e
1408087230 1
1408087230 6d
1408087231 1
1408087231 6d
1408087233 1
1408087233 6d
1408087234 1
1408087234 6e
1408087236 1
1408087236 6e
1408087237 1
1408087237 6e
1408087239 1
1408087239 6e
1408087240 1
1408087240 6e
1408087241 1
1408087241 6e
1408087243 1
1408087243 6e
1408087244 1
1408087244 6e
1408087246 1
1408087246 6e
1408087247 1
1408087247 6e
1408087249 1
1408087249 6e
1408087250 1
1408087250 6e
1408087252 1
1408087252 6e
1408087253 1
1408087253 6e
1408087254 1
1408087254 6e
1408087256 1
1408087256 6e
1408087257 1
1408087257 6f
1408087259 1
1408087259 6e
1408087260 1
1408087260 6e
1408087262 1
1408087262 6f
1408087264 1
1408087264 6e
1408087266 1
1408087266 6f
1408087267 1
1408087267 6f
1408087268 1
1408087268 6f
1408087270 1
1408087270 6f
1408087271 1
1408087271 6e
1408087273 1
1408087273 6e
1408087274 1
1408087274 6f
1408087275 1
1408087275 6e
1408087277 1
1408087277 6e
1408087278 1
1408087278 6f
1408087280 1
1408087280 6f
1408087281 1
1408087281 6f
1408087283 1
1408087283 6f
1408087284 1
1408087284 6f
1408087286 1
1408087286 6f
1408087287 1
1408087287 6f
1408087289 1
1408087289 6f
1408087290 1
1408087290 6f
1408087291 1
1408087291 6f
1408087293 1
1408087293 6f
1408087294 1
1408087294 6f
1408087296 1
1408087296 6f
1408087297 1
1408087297 70
1408087299 1
1408087299 70
1408087300 1
1408087300 70
1408087301 1
1408087301 70
1408087303 1
1408087303 70
1408087304 1
1408087304 70
1408087306 1
1408087306 70
1408087307 1
1408087307 6f
1408087309 1
1408087309 6f
1408087310 1
1408087310 70
1408087313 1
1408087313 70
1408087314 1
1408087314 70
1408087315 1
1408087316 70
1408087317 1
1408087317 70
1408087318 1
1408087318 70
1408087320 1
1408087320 70
1408087321 1
1408087321 70
1408087325 1
1408087325 70
1408087326 1
1408087326 70
1408087329 1
1408087329 70
1408087330 1
1408087330 70
1408087332 1
1408087332 70
1408087333 1
1408087333 70
1408087334 1
1408087334 70
1408087336 1
1408087336 70
1408087337 1
1408087337 70
1408087339 1
1408087339 70
1408087340 1
1408087340 70
1408087342 1
1408087342 70
1408087343 1
1408087343 70
1408087345 1
1408087345 70
1408087346 1
1408087346 6f
1408087349 1
1408087349 70
1408087351 1
1408087351 70
1408087355 1
1408087355 70
1408087357 1
1408087357 70
1408087358 1
1408087358 70
1408087359 1
1408087359 6f
1408087360 1
1408087361 6f
1408087362 1
1408087362 6f
1408087363 1
1408087363 70
1408087364 1
1408087365 70
1408087366 1
1408087366 6f
1408087367 1
1408087367 70
1408087369 1
1408087369 70
1408087370 1
1408087370 6f
1408087371 1
1408087371 70
1408087372 1
1408087372 6f
1408087374 1
1408087374 6f
1408087375 1
1408087375 6f
1408087377 1
1408087377 6f
1408087378 1
1408087378 6f
1408087379 1
1408087379 70
1408087381 1
1408087381 70
1408087382 1
1408087382 70
1408087383 1
1408087383 70
1408087384 1
1408087384 70
1408087387 1
1408087388 70
Refreshing cookie
1408087389 1
1408087389 6f
1408087392 1
1408087392 70
1408087393 1
1408087393 6f
1408087394 1
1408087394 70
1408087395 1
1408087395 70
1408087397 1
1408087397 70
1408087398 1
1408087398 70
1408087399 1
1408087399 70
1408087401 1
1408087401 70
1408087402 1
1408087402 70
1408087403 1
1408087403 70
1408087405 1
1408087405 70
1408087406 1
1408087406 6f
1408087407 1
1408087407 70
1408087409 1
1408087409 6f
1408087410 1
1408087410 6f
1408087411 1
1408087411 70
1408087413 1
1408087413 70
1408087414 1
1408087414 70
1408087415 1
1408087415 70
1408087417 1
1408087417 6f
1408087418 1
1408087418 6f
1408087419 1
1408087419 6f
1408087421 1
1408087421 70
1408087422 1
1408087422 6f
1408087423 1
1408087423 70
1408087425 1
1408087425 6f
1408087426 1
1408087426 6f
1408087427 1
1408087427 6f
1408087429 1
1408087429 6f
1408087431 1
1408087431 6f
1408087432 1
1408087432 6f
1408087433 1
1408087433 70
1408087435 1
1408087435 6f
1408087436 1
1408087436 70
1408087437 1
1408087437 6f
1408087439 1
1408087439 70
1408087440 1
1408087440 6f
1408087441 1
1408087441 70
1408087443 1
1408087443 70
1408087444 1
1408087444 70
1408087446 1
1408087446 70
1408087447 1
1408087447 6f
1408087448 1
1408087448 6f
1408087450 1
1408087450 70
1408087451 1
1408087451 6f
1408087452 1
1408087452 70
1408087454 1
1408087454 70
1408087455 1
1408087455 70
1408087456 1
1408087456 6f
1408087458 1
1408087458 70
1408087459 1
1408087459 6f
1408087460 1
1408087460 6f
1408087462 1
1408087462 70
1408087463 1
1408087463 70
1408087464 1
1408087464 6f
1408087466 1
1408087466 70
1408087467 1
1408087467 6f
1408087468 1
1408087468 6f
1408087470 1
1408087470 6f
1408087471 1
1408087471 6f
1408087473 1
1408087473 70
1408087474 1
1408087474 70
1408087475 1
1408087475 6f
1408087477 1
1408087477 70
1408087478 1
1408087478 6f
1408087479 1
1408087479 70
1408087481 1
1408087481 70
1408087482 1
1408087482 6f
1408087483 1
1408087483 70
1408087485 1
1408087485 70
1408087486 1
1408087486 70
1408087487 1
1408087487 70
1408087489 1
1408087489 70
1408087490 1
1408087490 70
1408087491 1
1408087491 70
1408087493 1
1408087493 70
1408087494 1
1408087494 6f
1408087495 1
1408087495 6f
1408087497 1
1408087497 70
1408087498 1
1408087498 70
1408087499 1
1408087499 70
1408087501 1
1408087501 70
1408087502 1
1408087502 70
1408087504 1
1408087504 70
1408087505 1
1408087505 70
1408087506 1
1408087506 70
1408087507 1
1408087507 70
1408087509 1
1408087509 70
1408087510 1
1408087510 6f
1408087511 1
1408087512 70
1408087513 1
1408087513 6f
1408087514 1
1408087514 70
1408087515 1
1408087515 70
1408087517 1
1408087517 6f
1408087518 1
1408087518 70
1408087520 1
1408087520 70
1408087521 1
1408087521 70
1408087522 1
1408087522 70
1408087523 1
1408087523 70
1408087525 1
1408087525 70
1408087526 1
1408087526 70
1408087528 1
1408087528 70
1408087529 1
1408087529 70
1408087531 1
1408087531 70
1408087532 1
1408087532 70
1408087533 1
1408087533 70
1408087535 1
1408087535 70
1408087536 1
1408087536 71
1408087537 1
1408087537 70
1408087539 1
1408087539 70
1408087540 1
1408087540 70
1408087541 1
1408087541 70
1408087543 1
1408087543 70
1408087544 1
1408087544 70
1408087545 1
1408087545 70
1408087546 1
1408087547 70
1408087548 1
1408087548 70
1408087549 1
1408087549 70
1408087550 1
1408087550 70
1408087552 1
1408087552 70
1408087553 1
1408087553 70
1408087554 1
1408087554 70
1408087556 1
1408087556 70
1408087557 1
1408087557 70
1408087559 1
1408087559 70
1408087560 1
1408087560 70
1408087561 1
1408087561 70
1408087563 1
1408087563 70
1408087564 1
1408087564 70
1408087565 1
1408087565 70
1408087567 1
1408087567 70
1408087568 1
1408087568 70
1408087569 1
1408087569 70
1408087571 1
1408087571 70
1408087572 1
1408087572 70
1408087573 1
1408087573 70
1408087575 1
1408087575 70
1408087576 1
1408087576 71
1408087577 1
1408087577 70
1408087579 1
1408087579 70
1408087580 1
1408087580 70
1408087581 1
1408087581 70
1408087582 1
1408087582 70
1408087584 1
1408087584 70
1408087585 1
1408087585 70
1408087586 1
1408087586 70
1408087588 1
1408087588 70
1408087589 1
1408087589 70
1408087590 1
1408087590 70
1408087591 1
1408087591 70
1408087593 1
1408087593 70
1408087594 1
1408087594 70
1408087595 1
1408087595 70
1408087597 1
1408087597 70
1408087598 1
1408087598 70
1408087599 1
1408087599 70
1408087601 1
1408087601 70
1408087602 1
1408087602 70
1408087603 1
1408087603 70
1408087605 1
1408087605 70
1408087606 1
1408087606 70
1408087607 1
1408087607 70
1408087609 1
1408087609 70
1408087610 1
1408087610 70
1408087611 1
1408087611 70
1408087613 1
1408087613 70
1408087614 1
1408087614 70
1408087615 1
1408087615 70
1408087617 1
1408087617 70
1408087618 1
1408087618 70
1408087619 1
1408087619 70
1408087621 1
1408087621 70
1408087622 1
1408087622 70
1408087623 1
1408087623 70
1408087624 1
1408087624 70
1408087626 1
1408087626 70
1408087627 1
1408087627 70
1408087628 1
1408087628 6f
1408087630 1
1408087630 70
1408087631 1
1408087631 70
1408087632 1
1408087632 70
1408087634 1
1408087634 70
1408087635 1
1408087635 70
1408087636 1
1408087636 70
1408087638 1
1408087638 70
1408087639 1
1408087639 70
1408087640 1
1408087640 70
1408087641 1
1408087641 70
1408087643 1
1408087643 70
1408087644 1
1408087644 70
1408087645 1
1408087645 70
1408087647 1
1408087647 70
1408087648 1
1408087648 6f
1408087650 1
1408087650 70
1408087651 1
1408087651 70
1408087652 1
1408087652 70
1408087654 1
1408087654 71
1408087655 1
1408087655 70
1408087656 1
1408087656 6f
1408087658 1
1408087658 70
1408087659 1
1408087659 70
1408087660 1
1408087660 6f
1408087662 1
1408087662 70
1408087663 1
1408087663 70
1408087664 1
1408087664 70
1408087666 1
1408087666 70
1408087667 1
1408087667 70
1408087668 1
1408087668 70
1408087669 1
1408087670 70
1408087671 1
1408087671 70
1408087672 1
1408087672 71
1408087674 1
1408087674 70
1408087675 1
1408087675 70
1408087676 1
1408087676 70
1408087678 1
1408087678 70
1408087679 1
1408087679 70
1408087680 1
1408087680 70
1408087681 1
1408087681 70
1408087683 1
1408087683 70
1408087684 1
1408087684 70
1408087685 1
1408087685 70
1408087687 1
1408087687 6f
1408087688 1
1408087688 70
1408087689 1
1408087689 70
Refreshing cookie
1408087691 1
1408087691 70
1408087692 1
1408087692 70
1408087694 1
1408087694 70
1408087695 1
1408087695 70
1408087696 1
1408087696 70
1408087697 1
1408087697 70
1408087699 1
1408087699 70
1408087700 1
1408087700 70
1408087701 1
1408087701 70
1408087703 1
1408087703 70
1408087704 1
1408087704 70
1408087705 1
1408087705 70
1408087707 1
1408087707 70
1408087708 1
1408087708 70
1408087709 1
1408087709 70
1408087711 1
1408087711 70
1408087712 1
1408087712 70
1408087713 1
1408087713 70
1408087714 1
1408087714 70
1408087716 1
1408087716 70
1408087717 1
1408087717 70
1408087718 1
1408087718 70
1408087720 1
1408087720 70
1408087721 1
1408087721 70
1408087722 1
1408087722 70
1408087724 1
1408087724 70
1408087725 1
1408087725 70
1408087726 1
1408087726 70
1408087728 1
1408087728 70
1408087729 1
1408087729 70
1408087730 1
1408087730 70
1408087732 1
1408087732 70
1408087733 1
1408087733 70
1408087734 1
1408087734 70
1408087735 1
1408087735 70
1408087737 1
1408087737 70
1408087738 1
1408087738 70
1408087739 1
1408087739 70
1408087741 1
1408087741 70
1408087742 1
1408087742 70
1408087743 1
1408087743 70
1408087745 1
1408087745 70
1408087746 1
1408087746 70
1408087747 1
1408087747 70
1408087749 1
1408087749 70
1408087750 1
1408087750 70
1408087751 1
1408087751 70
1408087753 1
1408087753 70
1408087754 1
1408087754 70
1408087755 1
1408087755 70
1408087757 1
1408087757 70
1408087758 1
1408087758 70
1408087759 1
1408087759 70
1408087760 1
1408087761 70
1408087762 1
1408087762 70
1408087763 1
1408087763 70
1408087765 1
1408087765 70
1408087766 1
1408087766 70
1408087767 1
1408087767 70
1408087768 1
1408087769 70
1408087770 1
1408087770 70
1408087771 1
1408087771 70
1408087773 1
1408087773 70
1408087774 1
1408087774 71
1408087775 1
1408087775 70
1408087777 1
1408087777 70
1408087778 1
1408087778 70
1408087779 1
1408087779 70
1408087780 1
1408087780 71
1408087782 1
1408087782 70
1408087783 1
1408087783 70
1408087784 1
1408087784 70
1408087786 1
1408087786 70
1408087787 1
1408087787 70
1408087788 1
1408087788 71
1408087790 1
1408087790 70
1408087791 1
1408087791 70
1408087792 1
1408087792 70
1408087793 1
1408087793 70
1408087795 1
1408087795 70
1408087796 1
1408087796 70
1408087797 1
1408087797 70
1408087799 1
1408087799 70
1408087800 1
1408087800 70
1408087801 1
1408087801 70
1408087803 1
1408087803 70
1408087806 1
1408087806 70
1408087808 1
1408087808 70
1408087812 1
1408087812 70
1408087816 1
1408087816 70
1408087820 1
1408087820 70
1408087824 1
1408087824 70
1408087828 1
1408087828 71
1408087833 1
1408087833 70
1408087839 1
1408087839 70
1408087843 1
1408087843 70
1408087847 1
1408087847 70
1408087851 1
1408087851 70
1408087855 1
1408087855 6f
1408087858 1
1408087858 70
1408087861 1
1408087861 70
1408087865 1
1408087865 70
1408087870 1
1408087870 70
1408087874 1
1408087874 70
1408087878 1
1408087878 70
1408087882 1
1408087882 70
1408087886 1
1408087886 70
1408087888 1
1408087888 70
1408087892 1
1408087892 70
1408087896 1
1408087896 70
1408087900 1
1408087901 70
1408087906 1
1408087906 70
1408087907 1
1408087907 70
1408087909 1
1408087909 70
1408087910 1
1408087910 6f
1408087911 1
1408087911 70
1408087912 1
1408087912 70
1408087914 1
1408087914 70
1408087915 1
1408087915 6f
1408087916 1
1408087916 70
1408087918 1
1408087918 70
1408087919 1
1408087919 70
1408087920 1
1408087920 70
1408087922 1
1408087922 70
1408087923 1
1408087923 70
1408087924 1
1408087924 70
1408087925 1
1408087925 70
1408087927 1
1408087927 70
1408087928 1
1408087928 70
1408087930 1
1408087930 70
1408087931 1
1408087931 70
1408087932 1
1408087932 70
1408087934 1
1408087934 70
1408087935 1
1408087935 70
1408087936 1
1408087936 70
1408087938 1
1408087938 70
1408087939 1
1408087939 70
1408087940 1
1408087940 70
1408087942 1
1408087942 70
1408087944 1
1408087944 70
1408087945 1
1408087945 70
1408087946 1
1408087946 70
1408087948 1
1408087948 70
1408087949 1
1408087949 70
1408087950 1
1408087950 70
1408087952 1
1408087952 70
1408087953 1
1408087954 70
1408087955 1
1408087955 71
1408087956 1
1408087956 70
1408087958 1
1408087958 70
1408087959 1
1408087959 70
1408087961 1
1408087961 70
1408087962 1
1408087962 70
1408087963 1
1408087963 70
1408087965 1
1408087965 70
1408087966 1
1408087966 70
1408087967 1
1408087967 70
1408087969 1
1408087969 70
1408087970 1
1408087970 70
1408087971 1
1408087971 71
1408087973 1
1408087973 70
1408087974 1
1408087974 70
1408087975 1
1408087975 70
1408087976 1
1408087976 70
1408087979 1
1408087979 70
1408087980 1
1408087980 70
1408087982 1
1408087982 6f
1408087984 1
1408087984 70
1408087991 1
1408087991 70
Refreshing cookie
1408087993 1
1408087993 70
1408087995 1
1408087995 70
1408087997 1
1408087997 70
1408087999 1
1408087999 70
1408088001 1
1408088001 70
1408088003 1
1408088003 70
1408088005 1
1408088005 70
1408088007 1
1408088007 70
1408088009 1
1408088009 70
1408088011 1
1408088011 70
1408088013 1
1408088013 70
1408088016 1
1408088016 70
1408088020 1
1408088020 70
1408088024 1
1408088024 70
1408088028 1
1408088028 70
1408088032 1
1408088032 70
1408088036 1
1408088036 70
1408088040 1
1408088040 70
1408088044 1
1408088044 70
1408088046 1
1408088046 70
1408088051 1
1408088051 70
1408088055 1
1408088055 70
1408088059 1
1408088059 70
1408088063 1
1408088063 70
1408088067 1
1408088067 70
1408088071 1
1408088071 70
1408088075 1
1408088075 70
1408088079 1
1408088079 70
1408088083 1
1408088083 70
1408088087 1
1408088087 70
1408088089 1
1408088089 70
1408088093 1
1408088093 70
1408088097 1
1408088097 70
1408088102 1
1408088102 70
1408088104 1
1408088104 70
1408088105 1
1408088105 70
1408088106 1
1408088106 6f
1408088108 1
1408088108 70
1408088110 1
1408088110 70
1408088111 1
1408088111 70
1408088112 1
1408088113 70
1408088114 1
1408088114 70
1408088115 1
1408088115 70
1408088117 1
1408088117 6f
1408088118 1
1408088118 70
1408088120 1
1408088120 70
1408088122 1
1408088122 70
1408088124 1
1408088124 71
1408088125 1
1408088126 71
1408088127 1
1408088127 71
1408088128 1
1408088128 70
1408088130 1
1408088130 71
1408088131 1
1408088131 70
1408088133 1
1408088133 70
1408088134 1
1408088134 70
1408088136 1
1408088136 71
1408088137 1
1408088137 70
1408088138 1
1408088138 71
1408088140 1
1408088140 71
1408088141 1
1408088141 71
1408088142 1
1408088143 70
1408088144 1
1408088144 71
1408088145 1
1408088146 71
1408088147 1
1408088147 71
1408088148 1
1408088148 70
1408088150 1
1408088150 71
1408088151 1
1408088151 70
1408088153 1
1408088153 70
1408088154 1
1408088154 70
1408088155 1
1408088156 71
1408088157 1
1408088157 71
1408088158 1
1408088158 71
1408088160 1
1408088160 71
1408088161 1
1408088161 70
1408088163 1
1408088163 70
1408088165 1
1408088165 71
1408088166 1
1408088166 70
1408088168 1
1408088168 71
1408088169 1
1408088169 70
1408088171 1
1408088171 71
1408088172 1
1408088172 70
1408088173 1
1408088174 71
1408088175 1
1408088175 71
1408088176 1
1408088176 71
1408088178 1
1408088178 71
1408088179 1
1408088179 71
1408088181 1
1408088181 71
1408088182 1
1408088182 71
1408088183 1
1408088183 71
1408088185 1
1408088185 71
1408088186 1
1408088186 71
1408088188 1
1408088188 71
1408088189 1
1408088189 71
1408088191 1
1408088191 71
1408088192 1
1408088192 71
1408088194 1
1408088194 71
1408088195 1
1408088195 71
1408088196 1
1408088196 71
1408088198 1
1408088198 71
1408088199 1
1408088199 71
1408088201 1
1408088201 70
1408088202 1
1408088202 70
1408088204 1
1408088204 70
1408088206 1
1408088206 70
1408088207 1
1408088208 71
1408088210 1
1408088210 71
1408088212 1
1408088212 70
1408088214 1
1408088214 71
1408088216 1
1408088216 70
1408088218 1
1408088218 71
1408088221 1
1408088221 70
1408088223 1
1408088223 70
1408088225 1
1408088225 71
1408088227 1
1408088227 71
1408088229 1
1408088229 71
1408088231 1
1408088231 70
1408088233 1
1408088233 71
1408088235 1
1408088235 71
1408088237 1
1408088237 70
1408088239 1
1408088239 70
1408088241 1
1408088241 70
1408088243 1
1408088243 70
1408088245 1
1408088245 70
1408088247 1
1408088247 71
1408088249 1
1408088249 71
1408088251 1
1408088251 70
1408088253 1
1408088253 70
1408088255 1
1408088255 71
1408088257 1
1408088258 71
1408088260 1
1408088260 71
1408088262 1
1408088262 71
1408088264 1
1408088264 71
1408088266 1
1408088266 71
1408088268 1
1408088268 71
1408088270 1
1408088270 70
1408088272 1
1408088272 70
1408088274 1
1408088274 71
1408088276 1
1408088276 71
1408088278 1
1408088278 71
1408088280 1
1408088280 71
1408088282 1
1408088282 70
1408088284 1
1408088284 70
1408088286 1
1408088286 70
1408088288 1
1408088288 71
1408088290 1
1408088290 70
1408088292 1
1408088292 70
Refreshing cookie
1408088296 1
1408088296 70
1408088299 1
1408088299 71
1408088301 1
1408088301 70
1408088303 1
1408088303 71
1408088305 1
1408088305 70
1408088307 1
1408088307 70
1408088309 1
1408088309 71
1408088311 1
1408088311 71
1408088315 1
1408088315 71
1408088317 1
1408088317 71
1408088319 1
1408088319 71
1408088321 1
1408088321 71
1408088323 1
1408088323 71
1408088325 1
1408088325 71
1408088328 1
1408088328 71
1408088329 1
1408088329 71
1408088331 1
1408088331 71
1408088333 1
1408088333 71
1408088335 1
1408088336 71
1408088338 1
1408088338 71
1408088340 1
1408088340 71
1408088342 1
1408088342 71
1408088344 1
1408088344 71
1408088346 1
1408088346 71
1408088348 1
1408088348 71
1408088350 1
1408088350 71
1408088352 1
1408088352 71
1408088354 1
1408088354 71
1408088356 1
1408088356 71
1408088358 1
1408088358 71
1408088360 1
1408088360 71
1408088362 1
1408088362 71
1408088364 1
1408088364 71
1408088367 1
1408088367 71
1408088368 1
1408088368 71
1408088371 1
1408088371 71
1408088372 1
1408088373 71
1408088375 1
1408088375 71
1408088377 1
1408088377 71
1408088379 1
1408088379 71
1408088381 1
1408088381 71
1408088383 1
1408088383 71
1408088385 1
1408088385 71
1408088387 1
1408088387 71
1408088389 1
1408088389 71
1408088391 1
1408088391 71
1408088393 1
1408088393 71
1408088395 1
1408088395 71
1408088397 1
1408088397 71
1408088399 1
1408088399 71
1408088401 1
1408088401 71
1408088403 1
1408088403 71
1408088405 1
1408088405 71
1408088408 1
1408088408 71
1408088410 1
1408088410 71
1408088412 1
1408088412 71
1408088414 1
1408088414 71
1408088416 1
1408088416 71
1408088418 1
1408088418 71
1408088420 1
1408088420 71
1408088422 1
1408088422 71
1408088424 1
1408088424 71
1408088426 1
1408088426 71
1408088428 1
1408088428 71
1408088431 1
1408088431 71
1408088433 1
1408088433 71
1408088435 1
1408088435 71
1408088437 1
1408088437 71
1408088438 1
1408088438 71
1408088439 1
1408088439 71
1408088441 1
1408088441 71
1408088442 1
1408088442 71
1408088444 1
1408088444 71
1408088446 1
1408088446 71
1408088447 1
1408088447 71
1408088448 1
1408088448 71
1408088450 1
1408088450 71
1408088452 1
1408088452 71
1408088453 1
1408088453 71
1408088455 1
1408088455 71
1408088456 1
1408088456 71
1408088458 1
1408088458 71
1408088459 1
1408088459 71
1408088461 1
1408088461 71
1408088462 1
1408088462 71
1408088464 1
1408088464 71
1408088466 1
1408088466 71
1408088468 1
1408088468 71
1408088469 1
1408088469 71
1408088471 1
1408088471 71
1408088472 1
1408088472 71
1408088473 1
1408088474 71
1408088475 1
1408088475 71
1408088476 1
1408088476 71
1408088478 1
1408088478 71
1408088479 1
1408088479 71
1408088481 1
1408088481 71
1408088482 1
1408088482 71
1408088484 1
1408088484 71
1408088485 1
1408088485 71
1408088486 1
1408088486 71
1408088488 1
1408088488 71
1408088489 1
1408088489 71
1408088491 1
1408088491 71
1408088492 1
1408088492 71
1408088494 1
1408088494 71
1408088496 1
1408088496 71
1408088497 1
1408088498 71
1408088499 1
1408088499 71
1408088500 1
1408088500 71
1408088503 1
1408088503 71
1408088505 1
1408088505 71
1408088506 1
1408088506 71
1408088507 1
1408088508 71
1408088509 1
1408088509 71
1408088510 1
1408088510 71
1408088512 1
1408088512 71
1408088513 1
1408088513 71
1408088515 1
1408088515 71
1408088517 1
1408088517 71
1408088518 1
1408088518 71
1408088519 1
1408088519 71
1408088521 1
1408088521 71
1408088522 1
1408088522 71
1408088524 1
1408088524 71
1408088525 1
1408088525 71
1408088527 1
1408088527 71
1408088528 1
1408088528 71
1408088529 1
1408088529 71
1408088531 1
1408088531 71
1408088532 1
1408088532 71
1408088534 1
1408088534 71
1408088535 1
1408088535 71
1408088537 1
1408088537 71
1408088538 1
1408088538 71
1408088539 1
1408088539 71
1408088541 1
1408088541 71
1408088543 1
1408088543 71
1408088544 1
1408088544 71
1408088546 1
1408088546 71
1408088548 1
1408088548 71
1408088549 1
1408088549 71
1408088551 1
1408088551 71
1408088552 1
1408088552 71
1408088554 1
1408088554 71
1408088555 1
1408088555 71
1408088556 1
1408088556 70
1408088558 1
1408088558 71
1408088559 1
1408088559 71
1408088561 1
1408088561 71
1408088562 1
1408088562 71
1408088563 1
1408088563 71
1408088566 1
1408088566 71
1408088567 1
1408088567 71
1408088569 1
1408088569 71
1408088570 1
1408088570 70
1408088572 1
1408088572 71
1408088573 1
1408088573 71
1408088574 1
1408088574 71
1408088576 1
1408088576 70
1408088578 1
1408088578 71
1408088580 1
1408088580 70
1408088581 1
1408088581 71
1408088583 1
1408088583 71
1408088584 1
1408088584 71
1408088585 1
1408088585 71
1408088587 1
1408088587 71
1408088588 1
1408088588 71
1408088590 1
1408088590 71
1408088591 1
1408088591 70
1408088593 1
1408088593 71
1408088594 1
1408088594 71
Refreshing cookie
1408088596 1
1408088596 71
1408088597 1
1408088597 71
1408088598 1
1408088598 71
1408088600 1
1408088600 70
1408088602 1
1408088602 71
1408088603 1
1408088603 71
1408088604 1
1408088604 71
1408088606 1
1408088606 71
1408088607 1
1408088607 71
1408088609 1
1408088609 71
1408088610 1
1408088610 70
1408088611 1
1408088612 71
1408088613 1
1408088613 71
1408088614 1
1408088614 71
1408088616 1
1408088616 70
1408088617 1
1408088617 70
1408088619 1
1408088619 71
1408088620 1
1408088620 71
1408088622 1
1408088622 71
1408088623 1
1408088623 71
1408088624 1
1408088624 70
1408088626 1
1408088626 71
1408088627 1
1408088627 71
1408088629 1
1408088629 71
1408088630 1
1408088630 71
1408088632 1
1408088632 71
1408088633 1
1408088633 71
1408088635 1
1408088635 71
1408088636 1
1408088636 70
1408088638 1
1408088638 71
1408088639 1
1408088639 71
1408088641 1
1408088641 71
1408088642 1
1408088642 71
1408088644 1
1408088644 71
1408088645 1
1408088645 71
1408088647 1
1408088647 70
1408088649 1
1408088649 71
1408088650 1
1408088650 70
1408088651 1
1408088651 71
1408088653 1
1408088653 71
1408088654 1
1408088654 70
1408088656 1
1408088656 71
1408088657 1
1408088657 71
1408088659 1
1408088659 71
1408088660 1
1408088660 71
1408088662 1
1408088662 71
1408088663 1
1408088663 71
1408088664 1
1408088664 71
1408088666 1
1408088666 71
1408088667 1
1408088667 71
1408088669 1
1408088669 71
1408088671 1
1408088671 71
1408088673 1
1408088673 71
1408088674 1
1408088674 71
1408088676 1
1408088676 71
1408088678 1
1408088678 71
1408088680 1
1408088680 70
1408088682 1
1408088682 70
1408088683 1
1408088683 70
1408088685 1
1408088685 71
1408088687 1
1408088687 70
1408088689 1
1408088689 71
1408088691 1
1408088691 71
1408088692 1
1408088692 71
1408088694 1
1408088694 71
1408088695 1
1408088695 71
1408088696 1
1408088696 70
1408088698 1
1408088698 71
1408088699 1
1408088699 71
1408088701 1
1408088701 71
1408088702 1
1408088702 71
1408088704 1
1408088704 71
1408088705 1
1408088705 71
1408088707 1
1408088707 71
1408088708 1
1408088708 71
1408088709 1
1408088709 71
1408088711 1
1408088711 71
1408088712 1
1408088712 71
1408088714 1
1408088714 71
1408088715 1
1408088715 71
1408088717 1
1408088717 71
1408088718 1
1408088718 71
1408088719 1
1408088719 71
1408088721 1
1408088721 71
1408088722 1
1408088722 71
1408088724 1
1408088724 71
1408088725 1
1408088725 71
1408088727 1
1408088727 70
1408088728 1
1408088728 71
1408088730 1
1408088730 71
1408088731 1
1408088731 71
1408088732 1
1408088732 71
1408088734 1
1408088734 71
1408088735 1
1408088735 70
1408088736 1
1408088736 70
1408088738 1
1408088738 70
1408088739 1
1408088739 6f
1408088741 1
1408088741 6f
1408088742 1
1408088742 6f
1408088743 1
1408088743 6f
1408088745 1
1408088745 6f
1408088746 1
1408088746 6f
1408088747 1
1408088747 6e
1408088748 1
1408088748 6d
1408088750 1
1408088750 6d
1408088751 1
1408088751 6c
1408088752 1
1408088752 6b
1408088753 1
1408088753 65
1408088755 1
1408088755 67
1408088756 1
1408088756 6a
1408088757 1
1408088757 68
1408088758 1
1408088758 66
1408088760 1
1408088760 60
1408088761 1
1408088761 63
1408088762 1
1408088762 67
1408088764 1
1408088764 64
1408088765 1
1408088765 63
1408088766 1
1408088766 58
1408088767 1
1408088767 50
1408088769 1
1408088769 48
1408088770 1
1408088770 3a
1408088771 1
1408088771 32
1408088772 1
1408088772 31
1408088774 1
1408088774 30
1408088775 1
1408088775 2b
1408088776 1
1408088776 10
1408088778 1
1408088778 e
1408088780 0
1408088780 f8
1408088781 0
1408088781 ee
1408088784 0
1408088784 d8
1408088785 0
1408088785 d7
1408088787 0
1408088787 d8
1408088788 0
1408088788 d9
1408088789 0
1408088789 d9
1408088790 0
1408088790 d7
1408088793 0
1408088793 d7
1408088794 0
1408088794 d9
1408088795 0
1408088795 d7
1408088797 0
1408088797 d7
1408088798 0
1408088798 d8
1408088799 0
1408088799 d8
1408088801 0
1408088801 d6
1408088802 0
1408088802 d7
1408088803 0
1408088803 d7
1408088804 0
1408088804 d7
1408088806 0
1408088806 d7
1408088807 0
1408088807 d7
1408088808 0
1408088808 d6
1408088810 0
1408088810 d7
1408088811 0
1408088811 d6
1408088813 0
1408088813 d7
1408088814 0
1408088814 d6
1408088816 0
1408088816 d7
1408088817 0
1408088817 d7
1408088818 0
1408088818 d5
1408088820 0
1408088820 d7
1408088821 0
1408088821 d6
1408088822 0
1408088822 d7
1408088823 0
1408088824 d5
1408088826 0
1408088826 d5
1408088827 0
1408088827 d8
1408088828 0
1408088828 d6
1408088829 0
1408088829 d6
1408088831 0
1408088831 d5
1408088832 0
1408088832 d6
1408088833 0
1408088833 d6
1408088834 0
1408088834 d6
1408088836 0
1408088836 d5
1408088837 0
1408088837 d6
1408088838 0
1408088838 d6
1408088840 0
1408088840 d5
1408088841 0
1408088841 d7
1408088842 0
1408088842 d5
1408088844 0
1408088844 d6
1408088845 0
1408088845 d6
1408088846 0
1408088846 d6
1408088848 0
1408088848 d5
1408088849 0
1408088849 d6
1408088850 0
1408088850 d6
1408088851 0
1408088851 d5
1408088853 0
1408088853 d5
