Output files: /afs/cern.ch/user/g/gmarques/private/ext/TotalActiveEnergy-2014-08-15-11_36_00.txt /afs/cern.ch/user/g/gmarques/private/ext/TotalActiveEnergy2-2014-08-15-11_36_00.txt
1408095360 0
1408095360 d6
1408095363 0
1408095363 d4
1408095365 0
1408095365 ec
1408095367 0
1408095367 ef
1408095370 0
1408095370 e7
1408095372 0
1408095372 e8
1408095373 0
1408095373 e9
1408095376 0
1408095376 e4
1408095378 0
1408095378 e6
1408095379 0
1408095379 ea
1408095382 0
1408095382 e8
1408095384 0
1408095384 e9
1408095385 0
1408095385 e8
1408095388 0
1408095388 e6
1408095390 0
1408095390 ec
1408095391 0
1408095392 e9
1408095394 0
1408095394 f0
1408095396 0
1408095396 f2
1408095398 0
1408095398 f2
1408095400 0
1408095400 fb
1408095402 0
1408095402 ea
1408095405 0
1408095405 d7
1408095407 0
1408095407 db
1408095409 0
1408095409 d8
1408095411 0
1408095411 d5
1408095413 0
1408095413 da
1408095415 0
1408095415 da
1408095417 0
1408095417 db
1408095419 0
1408095419 dd
1408095421 1
1408095421 2e
1408095423 1
1408095423 32
1408095425 1
1408095425 33
1408095427 1
1408095427 55
1408095429 1
1408095429 5f
1408095431 1
1408095431 5e
1408095433 1
1408095433 61
1408095435 1
1408095436 61
1408095438 1
1408095438 62
1408095440 1
1408095440 63
1408095442 1
1408095442 63
1408095444 1
1408095444 65
1408095446 1
1408095446 67
1408095448 1
1408095448 67
1408095450 1
1408095450 67
1408095452 1
1408095452 68
1408095454 1
1408095454 68
1408095456 1
1408095456 69
1408095458 1
1408095458 68
1408095460 1
1408095460 69
1408095462 1
1408095462 69
1408095464 1
1408095464 69
1408095466 1
1408095466 69
1408095468 1
1408095468 6a
1408095470 1
1408095471 6a
1408095473 1
1408095473 6a
1408095475 1
1408095475 6b
1408095477 1
1408095477 6b
1408095479 1
1408095479 6b
1408095481 1
1408095481 6b
1408095483 1
1408095483 6b
1408095485 1
1408095485 6b
1408095487 1
1408095487 6c
1408095489 1
1408095489 6b
1408095491 1
1408095491 6b
1408095493 1
1408095493 6c
1408095495 1
1408095495 6c
1408095497 1
1408095497 6c
1408095500 1
1408095500 6d
1408095502 1
1408095502 6d
1408095504 1
1408095504 6d
1408095506 1
1408095506 6d
1408095508 1
1408095508 6d
1408095510 1
1408095510 6d
1408095512 1
1408095512 6d
1408095514 1
1408095514 6d
1408095516 1
1408095516 6d
1408095518 1
1408095518 6d
1408095520 1
1408095520 6e
1408095522 1
1408095522 6e
1408095524 1
1408095524 6e
1408095526 1
1408095526 6e
1408095528 1
1408095528 6e
1408095530 1
1408095530 6e
1408095532 1
1408095532 6e
1408095534 1
1408095534 6e
1408095536 1
1408095537 6e
1408095538 1
1408095539 6e
1408095541 1
1408095541 6e
1408095543 1
1408095543 6e
1408095545 1
1408095545 6e
1408095547 1
1408095547 6e
1408095550 1
1408095550 6e
1408095553 1
1408095553 6e
1408095555 1
1408095555 6f
1408095557 1
1408095557 6f
1408095559 1
1408095559 6f
1408095561 1
1408095561 6f
1408095563 1
1408095563 6f
1408095565 1
1408095565 6f
1408095567 1
1408095567 6f
1408095569 1
1408095569 6f
1408095571 1
1408095571 6f
1408095573 1
1408095573 6f
1408095576 1
1408095576 6f
1408095578 1
1408095578 6f
1408095580 1
1408095580 6f
1408095582 1
1408095582 70
1408095584 1
1408095584 70
1408095586 1
1408095586 70
1408095588 1
1408095588 70
1408095590 1
1408095590 70
1408095592 1
1408095592 6f
1408095594 1
1408095594 70
1408095596 1
1408095596 70
1408095598 1
1408095598 70
1408095600 1
1408095600 6f
1408095602 1
1408095602 70
1408095604 1
1408095604 6f
1408095607 1
1408095607 70
1408095609 1
1408095609 70
1408095611 1
1408095611 70
1408095613 1
1408095613 70
1408095615 1
1408095615 70
1408095617 1
1408095617 70
1408095619 1
1408095619 70
1408095621 1
1408095621 70
1408095623 1
1408095623 70
1408095625 1
1408095625 70
1408095627 1
1408095627 70
1408095629 1
1408095629 70
1408095632 1
1408095632 6f
1408095634 1
1408095634 70
1408095636 1
1408095636 70
1408095638 1
1408095638 70
1408095640 1
1408095640 70
1408095642 1
1408095642 70
1408095644 1
1408095644 70
1408095646 1
1408095646 70
1408095648 1
1408095648 70
1408095650 1
1408095650 70
1408095652 1
1408095652 70
1408095654 1
1408095654 70
1408095656 1
1408095656 70
1408095658 1
1408095658 70
1408095660 1
1408095660 70
Refreshing cookie
1408095664 1
1408095664 70
1408095666 1
1408095666 70
1408095668 1
1408095668 70
1408095671 1
1408095671 70
1408095673 1
1408095673 70
1408095675 1
1408095675 70
1408095677 1
1408095677 70
1408095679 1
1408095679 70
1408095681 1
1408095681 70
1408095683 1
1408095683 70
1408095685 1
1408095685 71
1408095687 1
1408095687 71
1408095689 1
1408095689 70
1408095691 1
1408095691 71
1408095694 1
1408095694 71
1408095696 1
1408095696 70
1408095699 1
1408095699 71
1408095702 1
1408095702 70
1408095704 1
1408095704 70
1408095706 1
1408095706 70
1408095708 1
1408095708 70
1408095710 1
1408095710 70
1408095712 1
1408095712 70
1408095715 1
1408095715 70
1408095718 1
1408095718 70
1408095720 1
1408095720 70
1408095722 1
1408095722 70
1408095723 1
1408095723 70
1408095725 1
1408095725 70
1408095735 1
1408095735 70
1408095739 1
1408095739 70
1408095743 1
1408095743 71
1408095746 1
1408095746 70
1408095750 1
1408095750 70
1408095754 1
1408095754 70
1408095755 1
1408095755 70
1408095757 1
1408095757 70
1408095758 1
1408095758 70
1408095760 1
1408095760 70
1408095761 1
1408095761 70
1408095763 1
1408095763 70
1408095764 1
1408095764 70
1408095765 1
1408095766 70
1408095767 1
1408095767 70
1408095768 1
1408095768 70
1408095770 1
1408095770 70
1408095771 1
1408095771 71
1408095773 1
1408095773 71
1408095774 1
1408095774 70
1408095776 1
1408095776 71
1408095777 1
1408095777 71
1408095779 1
1408095779 70
1408095781 1
1408095781 70
1408095783 1
1408095783 71
1408095786 1
1408095786 71
1408095788 1
1408095788 70
1408095790 1
1408095790 70
1408095792 1
1408095792 70
1408095794 1
1408095794 70
1408095796 1
1408095796 71
1408095798 1
1408095798 70
1408095800 1
1408095800 71
1408095802 1
1408095802 70
1408095804 1
1408095804 71
1408095806 1
1408095806 70
1408095808 1
1408095808 70
1408095810 1
1408095810 70
1408095812 1
1408095812 70
1408095814 1
1408095814 70
1408095816 1
1408095816 71
1408095819 1
1408095819 70
1408095821 1
1408095821 71
1408095823 1
1408095823 71
1408095825 1
1408095825 70
1408095827 1
1408095827 71
1408095829 1
1408095829 71
1408095831 1
1408095831 71
1408095833 1
1408095833 70
1408095835 1
1408095835 70
1408095837 1
1408095837 70
1408095839 1
1408095839 70
1408095841 1
1408095841 70
1408095844 1
1408095844 70
1408095846 1
1408095846 71
1408095847 1
1408095847 70
1408095849 1
1408095849 70
1408095851 1
1408095851 70
1408095853 1
1408095853 71
1408095855 1
1408095855 71
1408095857 1
1408095857 71
1408095859 1
1408095859 71
1408095861 1
1408095861 70
1408095863 1
1408095863 71
1408095865 1
1408095865 70
1408095866 1
1408095866 71
1408095868 1
1408095869 70
1408095871 1
1408095871 70
1408095873 1
1408095873 70
1408095875 1
1408095875 71
1408095876 1
1408095876 71
1408095878 1
1408095878 70
1408095879 1
1408095879 71
1408095881 1
1408095881 71
1408095882 1
1408095882 71
1408095883 1
1408095883 70
1408095885 1
1408095885 70
1408095886 1
1408095886 71
1408095888 1
1408095888 71
1408095889 1
1408095889 70
1408095891 1
1408095891 71
1408095892 1
1408095892 71
1408095894 1
1408095894 71
1408095895 1
1408095895 71
1408095896 1
1408095896 71
1408095898 1
1408095898 71
1408095899 1
1408095899 71
1408095901 1
1408095901 71
1408095902 1
1408095902 71
1408095904 1
1408095904 71
1408095905 1
1408095905 71
1408095907 1
1408095907 71
1408095908 1
1408095908 71
1408095910 1
1408095910 71
1408095911 1
1408095911 71
1408095912 1
1408095912 70
1408095914 1
1408095914 70
1408095915 1
1408095915 71
1408095917 1
1408095917 71
1408095918 1
1408095918 71
1408095920 1
1408095920 71
1408095921 1
1408095921 71
1408095922 1
1408095922 71
1408095924 1
1408095924 71
1408095925 1
1408095925 71
1408095927 1
1408095927 71
1408095928 1
1408095928 71
1408095930 1
1408095930 70
1408095931 1
1408095931 70
1408095933 1
1408095933 71
1408095934 1
1408095934 71
1408095936 1
1408095936 71
1408095937 1
1408095937 70
1408095938 1
1408095938 71
1408095940 1
1408095940 71
1408095941 1
1408095941 71
1408095943 1
1408095943 71
1408095944 1
1408095944 71
1408095945 1
1408095945 71
1408095947 1
1408095947 71
1408095948 1
1408095948 71
1408095950 1
1408095950 71
1408095951 1
1408095951 71
1408095953 1
1408095953 71
1408095954 1
1408095954 71
1408095955 1
1408095955 71
1408095957 1
1408095957 70
1408095958 1
1408095958 71
1408095960 1
1408095960 71
1408095961 1
1408095961 71
1408095962 1
1408095962 71
Refreshing cookie
1408095964 1
1408095964 71
1408095965 1
1408095965 71
1408095967 1
1408095967 71
1408095968 1
1408095968 71
1408095969 1
1408095970 71
1408095971 1
1408095971 71
1408095972 1
1408095972 71
1408095974 1
1408095974 71
1408095975 1
1408095975 70
1408095977 1
1408095977 70
1408095978 1
1408095978 70
1408095980 1
1408095980 70
1408095981 1
1408095981 70
1408095982 1
1408095982 70
1408095984 1
1408095984 71
1408095985 1
1408095985 71
1408095986 1
1408095987 71
1408095988 1
1408095988 71
1408095989 1
1408095989 71
1408095991 1
1408095991 71
1408095992 1
1408095992 71
1408095993 1
1408095993 71
1408095995 1
1408095995 70
1408095996 1
1408095996 70
1408095998 1
1408095998 70
1408095999 1
1408095999 71
1408096000 1
1408096000 70
1408096002 1
1408096002 70
1408096003 1
1408096003 70
1408096005 1
1408096005 71
1408096006 1
1408096006 71
1408096007 1
1408096007 71
1408096009 1
1408096009 71
1408096010 1
1408096010 71
1408096012 1
1408096012 71
1408096013 1
1408096013 71
1408096014 1
1408096014 71
1408096016 1
1408096016 71
1408096017 1
1408096017 71
1408096018 1
1408096018 71
1408096020 1
1408096020 71
1408096021 1
1408096021 71
1408096023 1
1408096023 71
1408096025 1
1408096025 71
1408096026 1
1408096026 71
1408096027 1
1408096027 70
1408096029 1
1408096029 71
1408096030 1
1408096030 71
1408096031 1
1408096032 70
1408096033 1
1408096033 71
1408096034 1
1408096034 70
1408096036 1
1408096036 70
1408096037 1
1408096037 71
1408096038 1
1408096038 71
1408096040 1
1408096040 71
1408096041 1
1408096041 71
1408096043 1
1408096043 70
1408096044 1
1408096044 71
1408096046 1
1408096046 71
1408096047 1
1408096047 70
1408096048 1
1408096048 71
1408096050 1
1408096050 71
1408096051 1
1408096051 70
1408096052 1
1408096053 71
1408096054 1
1408096054 71
1408096055 1
1408096055 70
1408096057 1
1408096057 71
1408096058 1
1408096058 71
1408096060 1
1408096060 70
1408096061 1
1408096061 70
1408096062 1
1408096062 70
1408096064 1
1408096064 71
1408096065 1
1408096065 71
1408096066 1
1408096066 71
1408096068 1
1408096068 71
1408096069 1
1408096069 71
1408096071 1
1408096071 71
1408096072 1
1408096072 71
1408096073 1
1408096073 71
1408096075 1
1408096075 71
1408096076 1
1408096076 71
1408096078 1
1408096078 71
1408096079 1
1408096079 71
1408096080 1
1408096080 71
1408096082 1
1408096082 70
1408096083 1
1408096083 71
1408096085 1
1408096085 71
1408096086 1
1408096086 71
1408096087 1
1408096087 71
1408096089 1
1408096089 71
1408096090 1
1408096090 71
1408096092 1
1408096092 71
1408096093 1
1408096094 71
1408096095 1
1408096095 70
1408096096 1
1408096096 70
1408096098 1
1408096098 71
1408096099 1
1408096099 71
1408096101 1
1408096101 71
1408096102 1
1408096102 70
1408096104 1
1408096104 70
1408096105 1
1408096105 70
1408096107 1
1408096107 71
1408096108 1
1408096108 71
1408096109 1
1408096110 71
1408096111 1
1408096111 71
1408096112 1
1408096112 71
1408096114 1
1408096114 71
1408096115 1
1408096115 71
1408096116 1
1408096116 71
1408096118 1
1408096118 70
1408096119 1
1408096119 71
1408096121 1
1408096121 71
1408096122 1
1408096122 71
1408096124 1
1408096124 71
1408096125 1
1408096125 71
1408096126 1
1408096126 71
1408096128 1
1408096128 71
1408096129 1
1408096129 71
1408096131 1
1408096131 71
1408096132 1
1408096132 70
1408096133 1
1408096133 71
1408096135 1
1408096135 71
1408096136 1
1408096136 71
1408096138 1
1408096138 71
1408096139 1
1408096139 71
1408096140 1
1408096140 71
1408096142 1
1408096142 71
1408096143 1
1408096143 71
1408096145 1
1408096145 71
1408096146 1
1408096146 71
1408096147 1
1408096147 71
1408096149 1
1408096149 71
1408096150 1
1408096150 71
1408096152 1
1408096152 71
1408096153 1
1408096153 71
1408096155 1
1408096155 71
1408096156 1
1408096156 71
1408096157 1
1408096157 71
1408096159 1
1408096159 71
1408096160 1
1408096160 71
1408096162 1
1408096162 71
1408096163 1
1408096163 71
1408096164 1
1408096164 71
1408096166 1
1408096166 71
1408096167 1
1408096167 71
1408096169 1
1408096169 71
1408096170 1
1408096170 71
1408096171 1
1408096171 71
1408096173 1
1408096173 71
1408096174 1
1408096174 71
1408096176 1
1408096176 71
1408096177 1
1408096177 71
1408096178 1
1408096178 70
1408096180 1
1408096180 71
1408096181 1
1408096181 71
1408096184 1
1408096184 71
1408096188 1
1408096188 71
1408096192 1
1408096192 70
1408096196 1
1408096196 70
1408096200 1
1408096200 70
1408096204 1
1408096204 71
1408096208 1
1408096208 71
1408096212 1
1408096212 70
1408096216 1
1408096216 71
1408096220 1
1408096221 71
1408096225 1
1408096225 71
1408096229 1
1408096229 70
1408096233 1
1408096233 71
1408096234 1
1408096234 71
1408096236 1
1408096236 71
1408096238 1
1408096238 71
1408096240 1
1408096240 71
1408096241 1
1408096241 71
1408096243 1
1408096243 71
1408096245 1
1408096245 71
1408096247 1
1408096247 71
1408096249 1
1408096249 71
1408096251 1
1408096251 71
1408096252 1
1408096252 71
1408096254 1
1408096254 70
1408096256 1
1408096256 71
1408096258 1
1408096258 71
1408096260 1
1408096260 71
1408096262 1
1408096263 71
1408096265 1
1408096265 70
Refreshing cookie
1408096266 1
1408096266 71
1408096269 1
1408096269 71
1408096271 1
1408096271 70
1408096272 1
1408096272 70
1408096275 1
1408096275 71
1408096277 1
1408096277 70
1408096278 1
1408096278 71
1408096281 1
1408096281 71
1408096283 1
1408096283 70
1408096284 1
1408096284 71
1408096287 1
1408096287 71
1408096289 1
1408096289 71
1408096291 1
1408096291 71
1408096293 1
1408096293 71
1408096295 1
1408096295 71
1408096297 1
1408096297 71
1408096299 1
1408096299 71
1408096301 1
1408096302 71
1408096303 1
1408096303 71
1408096306 1
1408096306 71
1408096308 1
1408096308 71
1408096309 1
1408096309 71
1408096312 1
1408096312 70
1408096314 1
1408096314 71
1408096315 1
1408096315 71
1408096318 1
1408096318 71
1408096320 1
1408096320 71
1408096321 1
1408096321 71
1408096324 1
1408096324 71
1408096326 1
1408096326 70
1408096327 1
1408096327 71
1408096330 1
1408096330 71
1408096332 1
1408096332 71
1408096334 1
1408096334 71
1408096336 1
1408096336 71
1408096338 1
1408096338 71
1408096340 1
1408096340 71
1408096343 1
1408096343 71
1408096345 1
1408096345 71
1408096346 1
1408096347 71
1408096349 1
1408096349 71
1408096351 1
1408096351 71
1408096353 1
1408096353 71
1408096355 1
1408096355 71
1408096357 1
1408096357 70
1408096359 1
1408096359 71
1408096361 1
1408096361 71
1408096363 1
1408096363 71
1408096365 1
1408096365 71
1408096367 1
1408096367 71
1408096369 1
1408096370 71
1408096372 1
1408096372 71
1408096374 1
1408096374 71
1408096376 1
1408096376 71
1408096378 1
1408096378 71
1408096380 1
1408096380 71
1408096382 1
1408096382 71
1408096384 1
1408096384 71
1408096386 1
1408096386 71
1408096388 1
1408096388 71
1408096390 1
1408096390 71
1408096392 1
1408096392 71
1408096394 1
1408096394 71
1408096396 1
1408096396 71
1408096398 1
1408096398 71
1408096400 1
1408096400 71
1408096403 1
1408096403 71
1408096404 1
1408096404 71
1408096407 1
1408096407 71
1408096409 1
1408096409 71
1408096411 1
1408096411 71
1408096413 1
1408096413 71
1408096415 1
1408096415 71
1408096417 1
1408096417 71
1408096419 1
1408096419 71
1408096421 1
1408096421 70
1408096423 1
1408096423 71
1408096425 1
1408096425 71
1408096427 1
1408096427 71
1408096431 1
1408096431 70
1408096433 1
1408096433 71
1408096435 1
1408096435 71
1408096437 1
1408096437 70
1408096439 1
1408096439 71
1408096441 1
1408096441 71
1408096443 1
1408096443 70
1408096445 1
1408096445 71
1408096447 1
1408096447 71
1408096449 1
1408096449 71
1408096451 1
1408096451 71
1408096453 1
1408096454 71
1408096456 1
1408096456 71
1408096458 1
1408096458 71
1408096460 1
1408096460 71
1408096462 1
1408096462 71
1408096464 1
1408096464 71
1408096466 1
1408096466 71
1408096468 1
1408096468 71
1408096470 1
1408096470 71
1408096472 1
1408096472 71
1408096474 1
1408096474 71
1408096476 1
1408096476 70
1408096478 1
1408096478 71
1408096480 1
1408096480 71
1408096482 1
1408096482 71
1408096484 1
1408096485 71
1408096486 1
1408096487 71
1408096489 1
1408096489 71
1408096491 1
1408096491 71
1408096493 1
1408096493 71
1408096495 1
1408096495 71
1408096497 1
1408096497 70
1408096499 1
1408096499 70
1408096501 1
1408096501 71
1408096503 1
1408096503 71
1408096505 1
1408096505 71
1408096507 1
1408096507 71
1408096509 1
1408096509 71
1408096511 1
1408096511 71
1408096513 1
1408096513 70
1408096518 1
1408096518 71
1408096519 1
1408096519 70
1408096521 1
1408096521 71
1408096523 1
1408096523 70
1408096525 1
1408096525 71
1408096527 1
1408096527 70
1408096529 1
1408096529 70
1408096532 1
1408096532 71
1408096534 1
1408096534 71
1408096536 1
1408096536 70
1408096538 1
1408096538 71
1408096540 1
1408096540 71
1408096542 1
1408096542 71
1408096544 1
1408096544 71
1408096546 1
1408096546 71
1408096548 1
1408096548 71
1408096550 1
1408096550 71
1408096552 1
1408096552 71
1408096554 1
1408096554 71
1408096557 1
1408096557 71
1408096559 1
1408096559 71
1408096561 1
1408096561 71
1408096563 1
1408096563 70
1408096565 1
1408096565 70
1408096568 1
1408096568 70
Refreshing cookie
1408096570 1
1408096570 70
1408096572 1
1408096572 70
1408096574 1
1408096574 70
1408096576 1
1408096576 71
1408096578 1
1408096578 71
1408096580 1
1408096580 71
1408096582 1
1408096582 71
1408096584 1
1408096584 71
1408096586 1
1408096586 70
1408096588 1
1408096588 70
1408096590 1
1408096590 70
1408096592 1
1408096592 71
1408096594 1
1408096594 70
1408096596 1
1408096596 70
1408096598 1
1408096598 70
1408096600 1
1408096600 70
1408096602 1
1408096602 70
1408096604 1
1408096604 71
1408096607 1
1408096607 70
1408096609 1
1408096609 71
1408096611 1
1408096611 71
1408096612 1
1408096612 71
1408096614 1
1408096614 71
1408096615 1
1408096615 71
1408096617 1
1408096617 71
1408096619 1
1408096619 70
1408096621 1
1408096621 71
1408096623 1
1408096623 71
1408096625 1
1408096625 71
1408096627 1
1408096627 71
1408096628 1
1408096628 71
1408096630 1
1408096630 71
1408096632 1
1408096632 71
1408096634 1
1408096634 71
1408096636 1
1408096636 71
1408096638 1
1408096638 71
1408096640 1
1408096640 71
1408096642 1
1408096642 71
1408096644 1
1408096644 71
1408096647 1
1408096647 71
1408096649 1
1408096649 71
1408096651 1
1408096651 71
1408096653 1
1408096653 71
1408096655 1
1408096655 71
1408096657 1
1408096657 71
1408096659 1
1408096659 71
1408096661 1
1408096661 71
1408096663 1
1408096663 71
1408096665 1
1408096665 71
1408096667 1
1408096667 71
1408096669 1
1408096669 71
1408096671 1
1408096671 71
1408096673 1
1408096673 71
1408096675 1
1408096675 71
1408096677 1
1408096677 71
1408096679 1
1408096679 71
1408096681 1
1408096681 71
1408096684 1
1408096684 71
1408096686 1
1408096686 71
1408096688 1
1408096688 71
1408096690 1
1408096690 71
1408096692 1
1408096692 71
1408096694 1
1408096694 71
1408096696 1
1408096696 71
1408096698 1
1408096698 71
1408096700 1
1408096700 71
1408096702 1
1408096702 71
1408096704 1
1408096704 71
1408096706 1
1408096706 71
1408096708 1
1408096708 71
1408096710 1
1408096710 71
1408096712 1
1408096712 71
1408096714 1
1408096714 71
1408096716 1
1408096716 71
1408096719 1
1408096719 71
1408096721 1
1408096721 71
1408096723 1
1408096723 71
1408096725 1
1408096725 71
1408096726 1
1408096726 71
1408096728 1
1408096728 71
1408096729 1
1408096729 71
1408096731 1
1408096731 71
1408096733 1
1408096733 71
1408096735 1
1408096735 71
1408096738 1
1408096738 71
1408096740 1
1408096740 71
1408096742 1
1408096742 71
1408096744 1
1408096744 71
1408096745 1
1408096745 71
1408096747 1
1408096747 71
1408096749 1
1408096749 71
1408096751 1
1408096751 71
1408096753 1
1408096753 70
1408096755 1
1408096755 71
1408096757 1
1408096757 71
1408096759 1
1408096759 71
1408096760 1
1408096760 71
1408096762 1
1408096762 71
1408096764 1
1408096764 71
1408096766 1
1408096766 70
1408096768 1
1408096769 70
1408096771 1
1408096771 71
1408096773 1
1408096773 71
1408096775 1
1408096775 71
1408096777 1
1408096777 71
1408096779 1
1408096779 71
1408096781 1
1408096781 70
1408096783 1
1408096783 71
1408096785 1
1408096785 70
1408096787 1
1408096787 71
1408096789 1
1408096789 71
1408096791 1
1408096791 71
1408096793 1
1408096793 71
1408096795 1
1408096795 71
1408096797 1
1408096797 71
1408096799 1
1408096800 71
1408096802 1
1408096802 71
1408096804 1
1408096804 71
1408096806 1
1408096806 71
1408096808 1
1408096808 71
1408096810 1
1408096810 71
1408096812 1
1408096812 71
1408096814 1
1408096814 71
1408096816 1
1408096816 70
1408096818 1
1408096818 70
1408096820 1
1408096820 70
1408096822 1
1408096822 70
1408096824 1
1408096824 70
1408096825 1
1408096825 71
1408096827 1
1408096827 71
1408096830 1
1408096830 71
1408096832 1
1408096832 71
1408096833 1
1408096833 71
1408096835 1
1408096835 71
1408096837 1
1408096837 70
1408096839 1
1408096839 70
1408096841 1
1408096841 71
1408096843 1
1408096843 71
1408096845 1
1408096845 70
1408096847 1
1408096847 70
1408096849 1
1408096849 70
1408096851 1
1408096851 71
1408096853 1
1408096853 70
1408096855 1
1408096855 70
1408096857 1
1408096857 70
1408096858 1
1408096858 70
1408096860 1
1408096860 70
1408096861 1
1408096861 73
1408096863 1
1408096863 71
1408096865 1
1408096866 71
1408096868 1
1408096868 71
1408096870 1
1408096870 71
Refreshing cookie
1408096872 1
1408096872 71
1408096874 1
1408096874 71
1408096876 1
1408096876 71
1408096878 1
1408096878 71
1408096880 1
1408096880 71
1408096882 1
1408096882 70
1408096884 1
1408096884 70
1408096886 1
1408096886 71
1408096888 1
1408096888 71
1408096890 1
1408096891 70
1408096893 1
1408096893 70
1408096895 1
1408096895 70
1408096897 1
1408096897 70
1408096899 1
1408096899 71
1408096901 1
1408096901 71
1408096903 1
1408096903 70
1408096905 1
1408096905 71
1408096907 1
1408096907 71
1408096909 1
1408096909 71
1408096911 1
1408096911 70
1408096913 1
1408096913 71
1408096915 1
1408096915 70
1408096917 1
1408096917 71
1408096919 1
1408096919 71
1408096921 1
1408096921 70
1408096923 1
1408096923 70
1408096925 1
1408096925 71
1408096928 1
1408096928 70
1408096930 1
1408096930 70
1408096932 1
1408096932 71
1408096934 1
1408096934 71
1408096936 1
1408096936 71
1408096938 1
1408096938 71
1408096940 1
1408096940 71
1408096942 1
1408096942 71
1408096944 1
1408096944 71
1408096946 1
1408096946 71
1408096948 1
1408096948 70
1408096950 1
1408096950 71
1408096952 1
1408096953 70
1408096954 1
1408096954 71
1408096956 1
1408096956 71
1408096958 1
1408096958 71
1408096960 1
1408096960 71
1408096963 1
1408096963 71
1408096965 1
1408096965 71
1408096967 1
1408096967 71
1408096969 1
1408096969 71
1408096971 1
1408096971 71
1408096973 1
1408096973 71
1408096975 1
1408096975 71
1408096977 1
1408096977 71
1408096979 1
1408096979 71
1408096981 1
1408096981 71
1408096983 1
1408096983 70
1408096985 1
1408096985 71
1408096987 1
1408096987 71
1408096989 1
1408096989 71
1408096991 1
1408096991 71
1408096993 1
1408096993 71
1408096995 1
1408096995 71
1408096998 1
1408096998 71
1408097000 1
1408097000 70
1408097002 1
1408097002 71
1408097004 1
1408097004 71
1408097006 1
1408097006 71
1408097008 1
1408097008 71
1408097010 1
1408097010 71
1408097012 1
1408097012 71
1408097014 1
1408097014 71
1408097016 1
1408097016 71
1408097018 1
1408097018 71
1408097020 1
1408097020 71
1408097022 1
1408097022 71
1408097024 1
1408097024 71
1408097026 1
1408097026 71
1408097028 1
1408097028 71
1408097030 1
1408097030 70
1408097032 1
1408097032 70
1408097034 1
1408097034 71
1408097037 1
1408097037 70
1408097039 1
1408097039 70
1408097041 1
1408097041 70
1408097043 1
1408097043 71
1408097045 1
1408097045 71
1408097047 1
1408097047 70
1408097049 1
1408097049 71
1408097051 1
1408097051 71
1408097053 1
1408097053 70
1408097055 1
1408097055 70
1408097057 1
1408097057 71
1408097059 1
1408097059 71
1408097061 1
1408097061 70
1408097063 1
1408097063 71
1408097065 1
1408097065 70
1408097067 1
1408097067 71
1408097069 1
1408097070 71
1408097071 1
1408097071 71
1408097072 1
1408097072 71
1408097074 1
1408097074 71
1408097076 1
1408097076 71
1408097078 1
1408097078 71
1408097080 1
1408097080 71
1408097082 1
1408097082 71
1408097084 1
1408097084 71
1408097086 1
1408097086 70
1408097088 1
1408097088 70
1408097090 1
1408097090 6e
1408097092 1
1408097092 6a
1408097094 1
1408097094 5b
1408097096 1
1408097096 46
1408097098 1
1408097098 3c
1408097100 1
1408097100 32
1408097102 1
1408097102 16
1408097104 0
1408097104 dd
1408097107 0
1408097107 d9
1408097109 0
1408097109 d8
1408097111 0
1408097111 d8
