Output files: /afs/cern.ch/user/g/gmarques/private/ext/TotalActiveEnergy-2014-08-20-11_08_47.txt /afs/cern.ch/user/g/gmarques/private/ext/TotalActiveEnergy2-2014-08-20-11_08_47.txt
1408525728 0
1408525728 d3
1408525729 0
1408525729 d6
1408525730 0
1408525730 d3
1408525731 0
1408525731 d5
1408525733 0
1408525733 d5
1408525734 0
1408525734 d6
1408525735 0
1408525735 d3
1408525736 0
1408525736 d5
1408525738 0
1408525738 d5
1408525739 0
1408525739 d3
1408525740 0
1408525740 d4
1408525742 0
1408525742 d5
1408525743 0
1408525743 d5
1408525744 0
1408525744 d4
1408525746 0
1408525746 d5
1408525747 0
1408525747 d4
1408525748 0
1408525748 d4
1408525750 0
1408525750 d5
1408525751 0
1408525751 d5
1408525752 0
1408525752 d4
1408525753 0
1408525753 d5
1408525755 0
1408525755 d5
1408525756 0
1408525756 d3
1408525757 0
1408525758 d5
1408525759 0
1408525759 d5
1408525760 0
1408525760 d4
1408525761 0
1408525761 d4
1408525763 0
1408525763 d4
1408525764 0
1408525764 d5
1408525765 0
1408525765 d4
1408525767 0
1408525767 d5
1408525768 0
1408525768 d5
1408525769 0
1408525769 d5
1408525770 0
1408525770 d3
1408525772 0
1408525772 d5
1408525773 0
1408525773 d5
1408525774 0
1408525774 d4
1408525775 0
1408525775 d5
1408525777 0
1408525777 d5
1408525778 0
1408525778 d5
1408525779 0
1408525779 d4
1408525780 0
1408525780 d5
1408525782 0
1408525782 d5
1408525784 0
1408525784 d4
1408525785 0
1408525785 d5
1408525786 0
1408525786 d4
1408525788 0
1408525788 d5
1408525789 0
1408525789 d5
1408525790 0
1408525790 d5
1408525791 0
1408525791 d4
1408525793 0
1408525793 d5
1408525794 0
1408525794 d5
1408525795 0
1408525795 d3
1408525796 0
1408525796 d5
1408525798 0
1408525798 d5
1408525799 0
1408525799 d5
1408525801 0
1408525801 d4
1408525802 0
1408525802 d4
1408525804 0
1408525804 d5
1408525805 0
1408525805 d5
1408525806 0
1408525806 d4
1408525807 0
1408525807 d4
1408525809 0
1408525809 d5
1408525810 0
1408525810 d5
1408525811 0
1408525811 d3
1408525812 0
1408525812 d4
1408525814 0
1408525814 d5
1408525816 0
1408525816 d3
1408525817 0
1408525817 d6
1408525818 0
1408525818 d3
1408525819 0
1408525819 d5
1408525821 0
1408525821 d5
1408525822 0
1408525822 d5
1408525823 0
1408525823 d4
1408525825 0
1408525825 d5
1408525826 0
1408525826 d6
1408525827 0
1408525827 d5
1408525830 0
1408525830 d3
1408525831 0
1408525831 d5
1408525832 0
1408525832 d3
1408525834 0
1408525834 d5
1408525835 0
1408525835 d5
1408525836 0
1408525836 d3
1408525838 0
1408525838 d4
1408525839 0
1408525839 d4
1408525840 0
1408525840 d5
1408525841 0
1408525841 d4
1408525842 0
1408525842 d4
1408525844 0
1408525844 d4
1408525845 0
1408525845 d5
1408525846 0
1408525846 d3
1408525848 0
1408525848 d4
1408525849 0
1408525849 d4
1408525850 0
1408525850 d4
1408525851 0
1408525851 d4
1408525853 0
1408525853 d5
1408525854 0
1408525854 d4
1408525856 0
1408525856 d3
1408525857 0
1408525857 d4
1408525858 0
1408525858 d5
1408525860 0
1408525860 d3
1408525861 0
1408525861 d4
1408525862 0
1408525862 d4
1408525863 0
1408525863 d3
1408525865 0
1408525865 d4
1408525866 0
1408525866 d5
1408525867 0
1408525867 d3
1408525869 0
1408525869 d5
1408525870 0
1408525870 d5
1408525871 0
1408525871 d4
1408525873 0
1408525873 d3
1408525874 0
1408525874 d5
1408525875 0
1408525875 d4
1408525877 0
1408525877 d4
1408525878 0
1408525878 d5
1408525879 0
1408525879 d5
1408525880 0
1408525880 d3
1408525882 0
1408525882 d4
1408525883 0
1408525883 d5
1408525884 0
1408525884 d4
1408525885 0
1408525885 d3
1408525887 0
1408525887 d4
1408525888 0
1408525888 d3
1408525890 0
1408525890 d4
1408525891 0
1408525891 d5
1408525892 0
1408525892 d4
1408525894 0
1408525894 d3
1408525895 0
1408525895 d4
1408525896 0
1408525896 d4
