Output files: /afs/cern.ch/user/g/gmarques/private/ext/TotalActiveEnergy-2014-08-20-10_33_55.txt /afs/cern.ch/user/g/gmarques/private/ext/TotalActiveEnergy2-2014-08-20-10_33_55.txt
1408523636 0
1408523636 d3
1408523637 0
1408523637 d5
1408523638 0
1408523638 e0
1408523640 0
1408523640 ed
1408523641 0
1408523641 ea
1408523643 0
1408523643 ec
1408523644 0
1408523644 ea
1408523645 0
1408523645 e9
1408523646 0
1408523646 eb
1408523648 0
1408523648 e8
1408523649 0
1408523649 e9
1408523650 0
1408523650 e9
1408523652 0
1408523652 e7
1408523653 0
1408523653 ea
1408523655 0
1408523655 e6
1408523656 0
1408523656 ea
1408523657 0
1408523657 e8
1408523659 0
1408523659 e8
1408523660 0
1408523660 e8
1408523662 0
1408523662 e7
1408523663 0
1408523663 e7
1408523665 0
1408523665 ed
1408523666 0
1408523666 e9
1408523667 0
1408523667 e9
1408523673 0
1408523673 ef
1408523674 0
1408523674 ed
1408523675 0
1408523675 ec
1408523676 0
1408523676 f1
1408523678 0
1408523678 ef
1408523679 0
1408523679 f5
1408523681 0
1408523681 e8
1408523683 0
1408523683 f4
1408523684 1
1408523684 15
1408523685 1
1408523685 b
1408523687 0
1408523687 dc
1408523688 0
1408523688 e6
1408523690 0
1408523690 ea
1408523691 0
1408523691 d9
1408523695 0
1408523695 da
1408523697 0
1408523697 d8
1408523701 0
1408523701 d6
1408523706 0
1408523706 da
1408523710 0
1408523710 d8
1408523712 0
1408523712 db
1408523716 0
1408523716 d9
1408523718 0
1408523718 dc
1408523722 0
1408523722 da
1408523724 1
1408523724 45
1408523728 1
1408523728 59
1408523731 1
1408523731 59
1408523734 1
1408523734 5c
1408523737 1
1408523737 5d
1408523741 1
1408523741 62
1408523745 1
1408523745 64
1408523749 1
1408523749 63
1408523752 1
1408523752 66
1408523753 1
1408523753 67
1408523755 1
1408523755 66
1408523756 1
1408523756 66
1408523757 1
1408523757 68
1408523759 1
1408523759 69
1408523760 1
1408523760 69
1408523762 1
1408523762 69
1408523763 1
1408523763 6a
1408523765 1
1408523765 6a
1408523766 1
1408523766 6a
1408523769 1
1408523769 6a
1408523772 1
1408523772 6b
1408523773 1
1408523773 6a
1408523775 1
1408523775 6a
1408523776 1
1408523776 6b
1408523778 1
1408523778 6b
1408523779 1
1408523779 6a
1408523781 1
1408523781 6c
1408523782 1
1408523782 6b
1408523784 1
1408523784 6c
1408523785 1
1408523785 6b
1408523787 1
1408523787 6c
1408523788 1
1408523788 6c
1408523790 1
1408523790 6c
1408523791 1
1408523791 6c
1408523793 1
1408523793 6c
1408523796 1
1408523796 6c
1408523798 1
1408523798 6d
1408523800 1
1408523800 6d
1408523801 1
1408523801 6d
1408523803 1
1408523803 6d
1408523804 1
1408523804 6d
1408523806 1
1408523806 6d
1408523808 1
1408523808 6e
1408523810 1
1408523810 6e
1408523812 1
1408523812 6e
1408523813 1
1408523813 6d
1408523815 1
1408523815 6e
1408523816 1
1408523816 6e
1408523818 1
1408523818 6e
1408523819 1
1408523819 6e
1408523821 1
1408523821 6e
1408523822 1
1408523822 6f
1408523824 1
1408523824 6f
1408523825 1
1408523825 6e
1408523827 1
1408523827 6f
1408523828 1
1408523828 6e
1408523831 1
1408523831 6f
1408523832 1
1408523832 6f
1408523834 1
1408523834 6f
1408523835 1
1408523835 6f
1408523837 1
1408523837 6f
1408523838 1
1408523838 6f
1408523840 1
1408523840 6f
1408523841 1
1408523841 6f
1408523843 1
1408523843 6f
1408523845 1
1408523845 6f
1408523846 1
1408523846 6f
1408523848 1
1408523848 70
1408523849 1
1408523849 70
1408523851 1
1408523851 70
1408523852 1
1408523852 6f
1408523854 1
1408523854 6f
1408523855 1
1408523855 70
1408523857 1
1408523857 6f
1408523858 1
1408523858 6f
1408523860 1
1408523860 70
1408523863 1
1408523863 6f
1408523864 1
1408523864 70
1408523866 1
1408523866 70
1408523867 1
1408523867 70
1408523869 1
1408523869 70
1408523870 1
1408523870 70
1408523872 1
1408523872 70
1408523873 1
1408523873 70
1408523875 1
1408523875 70
1408523876 1
1408523876 70
1408523878 1
1408523878 70
1408523879 1
1408523879 70
1408523881 1
1408523881 70
1408523882 1
1408523882 70
1408523884 1
1408523884 70
1408523886 1
1408523886 71
1408523887 1
1408523887 71
1408523889 1
1408523889 70
1408523890 1
1408523890 70
1408523892 1
1408523892 70
1408523894 1
1408523894 71
1408523896 1
1408523896 71
1408523897 1
1408523897 70
1408523900 1
1408523900 71
1408523902 1
1408523902 70
1408523903 1
1408523903 71
1408523905 1
1408523905 71
1408523906 1
1408523906 70
1408523908 1
1408523908 71
1408523909 1
1408523909 71
1408523911 1
1408523911 71
1408523912 1
1408523912 71
1408523914 1
1408523914 71
1408523916 1
1408523916 71
1408523918 1
1408523918 71
1408523919 1
1408523919 71
1408523921 1
1408523921 70
1408523922 1
1408523922 70
1408523924 1
1408523924 71
1408523925 1
1408523926 71
1408523927 1
1408523927 71
1408523929 1
1408523929 71
1408523930 1
1408523930 70
1408523932 1
1408523932 71
1408523933 1
1408523933 71
1408523935 1
1408523935 71
1408523936 1
1408523936 71
Refreshing cookie
1408523938 1
1408523938 71
1408523940 1
1408523940 71
1408523941 1
1408523941 71
1408523943 1
1408523943 71
1408523946 1
1408523946 71
1408523947 1
1408523947 71
1408523950 1
1408523950 71
1408523952 1
1408523952 71
1408523954 1
1408523954 71
1408523956 1
1408523956 71
1408523958 1
1408523958 71
1408523960 1
1408523960 71
1408523962 1
1408523962 71
1408523965 1
1408523965 71
1408523967 1
1408523967 71
1408523969 1
1408523969 71
1408523971 1
1408523971 71
1408523973 1
1408523973 71
1408523975 1
1408523975 71
1408523977 1
1408523977 71
1408523979 1
1408523979 71
1408523981 1
1408523981 71
1408523983 1
1408523983 71
1408523985 1
1408523985 71
1408523987 1
1408523987 71
1408523989 1
1408523989 71
1408523991 1
1408523991 71
1408523993 1
1408523993 71
1408523995 1
1408523995 71
1408523997 1
1408523997 71
1408523999 1
1408523999 71
1408524002 1
1408524002 72
1408524004 1
1408524004 72
1408524006 1
1408524006 72
1408524008 1
1408524008 72
1408524009 1
1408524009 72
1408524012 1
1408524012 72
1408524014 1
1408524014 72
1408524016 1
1408524016 72
1408524018 1
1408524018 71
1408524020 1
1408524020 71
1408524022 1
1408524022 71
1408524024 1
1408524024 71
1408524026 1
1408524026 71
1408524028 1
1408524028 72
1408524030 1
1408524030 71
1408524032 1
1408524032 71
1408524034 1
1408524034 71
1408524036 1
1408524037 71
1408524039 1
1408524039 71
1408524041 1
1408524041 71
1408524043 1
1408524043 71
1408524045 1
1408524045 71
1408524047 1
1408524047 71
1408524049 1
1408524049 71
1408524051 1
1408524051 71
1408524053 1
1408524053 71
1408524055 1
1408524055 71
1408524057 1
1408524057 71
1408524059 1
1408524059 71
1408524061 1
1408524061 71
1408524063 1
1408524063 71
1408524065 1
1408524065 72
1408524067 1
1408524067 72
1408524070 1
1408524070 72
1408524071 1
1408524071 71
1408524074 1
1408524074 71
1408524075 1
1408524075 71
1408524078 1
1408524078 72
1408524080 1
1408524080 71
1408524082 1
1408524082 71
1408524084 1
1408524084 71
1408524086 1
1408524086 71
1408524088 1
1408524088 71
1408524090 1
1408524090 72
1408524092 1
1408524092 72
1408524094 1
1408524094 72
1408524096 1
1408524096 71
1408524098 1
1408524098 72
1408524100 1
1408524100 71
1408524102 1
1408524102 72
1408524104 1
1408524104 71
1408524106 1
1408524106 71
1408524110 1
1408524110 71
1408524115 1
1408524115 71
1408524119 1
1408524119 71
1408524123 1
1408524123 71
1408524127 1
1408524127 71
1408524131 1
1408524131 71
1408524135 1
1408524135 71
1408524139 1
1408524139 71
1408524143 1
1408524143 71
1408524147 1
1408524147 71
1408524152 1
1408524152 71
1408524156 1
1408524156 71
1408524160 1
1408524160 71
1408524164 1
1408524164 71
1408524168 1
1408524168 72
1408524172 1
1408524172 72
1408524176 1
1408524176 72
1408524180 1
1408524180 72
1408524185 1
1408524185 71
1408524189 1
1408524189 71
1408524193 1
1408524193 71
1408524196 1
1408524196 72
1408524198 1
1408524198 71
1408524200 1
1408524200 71
1408524202 1
1408524202 71
1408524203 1
1408524203 71
1408524205 1
1408524205 71
1408524207 1
1408524207 71
1408524208 1
1408524208 71
1408524210 1
1408524210 72
1408524211 1
1408524211 71
1408524213 1
1408524213 71
1408524214 1
1408524214 71
1408524216 1
1408524216 72
1408524217 1
1408524217 71
1408524219 1
1408524219 71
1408524221 1
1408524221 71
1408524222 1
1408524222 71
1408524223 1
1408524223 71
1408524225 1
1408524225 71
1408524227 1
1408524227 71
1408524229 1
1408524229 71
1408524230 1
1408524230 71
1408524232 1
1408524232 71
1408524234 1
1408524234 71
1408524235 1
1408524235 71
1408524237 1
1408524237 71
1408524238 1
1408524238 71
Refreshing cookie
1408524240 1
1408524240 71
1408524242 1
1408524242 71
1408524243 1
1408524243 71
1408524246 1
1408524246 72
1408524248 1
1408524248 71
1408524249 1
1408524249 71
1408524251 1
1408524252 71
1408524253 1
1408524253 71
1408524255 1
1408524255 71
1408524256 1
1408524256 72
1408524258 1
1408524258 71
1408524260 1
1408524260 71
1408524262 1
1408524262 72
1408524263 1
1408524263 71
1408524265 1
1408524265 71
1408524266 1
1408524266 71
1408524268 1
1408524268 71
1408524269 1
1408524269 71
1408524271 1
1408524271 72
1408524272 1
1408524272 71
1408524274 1
1408524274 71
1408524275 1
1408524275 71
1408524277 1
1408524277 71
1408524278 1
1408524279 72
1408524280 1
1408524280 71
1408524282 1
1408524282 71
1408524283 1
1408524283 71
1408524285 1
1408524285 71
1408524287 1
1408524287 71
1408524288 1
1408524288 71
1408524290 1
1408524290 71
1408524291 1
1408524291 72
1408524293 1
1408524293 71
1408524295 1
1408524295 71
1408524296 1
1408524296 71
1408524298 1
1408524298 71
1408524299 1
1408524299 71
1408524301 1
1408524301 71
1408524303 1
1408524303 71
1408524304 1
1408524304 71
1408524306 1
1408524306 71
1408524307 1
1408524307 71
1408524309 1
1408524309 71
1408524311 1
1408524311 71
1408524312 1
1408524312 71
1408524314 1
1408524314 71
1408524316 1
1408524316 71
1408524318 1
1408524318 71
1408524319 1
1408524319 71
1408524321 1
1408524321 71
1408524323 1
1408524323 72
1408524324 1
1408524324 71
1408524326 1
1408524326 72
1408524327 1
1408524327 71
1408524329 1
1408524329 71
1408524330 1
1408524330 72
1408524332 1
1408524332 72
1408524333 1
1408524333 71
1408524335 1
1408524335 71
1408524337 1
1408524337 71
1408524338 1
1408524338 72
1408524340 1
1408524340 71
1408524342 1
1408524342 71
1408524343 1
1408524343 71
1408524345 1
1408524345 72
1408524346 1
1408524346 71
1408524348 1
1408524348 71
1408524349 1
1408524349 71
1408524351 1
1408524351 72
1408524352 1
1408524352 72
1408524354 1
1408524354 72
1408524356 1
1408524356 72
1408524358 1
1408524358 72
1408524359 1
1408524359 72
1408524363 1
1408524363 71
1408524367 1
1408524367 71
1408524371 1
1408524371 71
1408524375 1
1408524375 71
1408524379 1
1408524379 71
1408524383 1
1408524383 72
1408524388 1
1408524388 72
1408524392 1
1408524392 71
1408524400 1
1408524400 71
1408524404 1
1408524404 72
1408524408 1
1408524408 72
1408524412 1
1408524412 71
1408524417 1
1408524417 72
1408524421 1
1408524421 72
1408524425 1
1408524425 71
1408524429 1
1408524429 71
1408524433 1
1408524433 71
1408524437 1
1408524437 72
1408524441 1
1408524441 71
1408524445 1
1408524445 71
1408524449 1
1408524449 71
1408524454 1
1408524454 72
1408524458 1
1408524458 71
1408524462 1
1408524462 71
1408524466 1
1408524466 71
1408524470 1
1408524470 71
1408524474 1
1408524474 71
1408524478 1
1408524478 72
1408524482 1
1408524482 71
1408524487 1
1408524487 71
1408524491 1
1408524491 72
1408524495 1
1408524495 72
1408524499 1
1408524499 72
1408524503 1
1408524503 72
1408524507 1
1408524507 72
1408524511 1
1408524511 72
1408524515 1
1408524515 72
1408524519 1
1408524520 71
1408524524 1
1408524524 72
1408524528 1
1408524528 71
1408524532 1
1408524532 72
1408524536 1
1408524536 71
1408524540 1
1408524540 71
Refreshing cookie
1408524547 1
1408524547 71
1408524551 1
1408524551 71
1408524555 1
1408524555 71
1408524559 1
1408524559 71
1408524563 1
1408524563 71
1408524565 1
1408524565 71
1408524569 1
1408524569 71
1408524573 1
1408524573 71
1408524577 1
1408524577 72
1408524579 1
1408524579 71
1408524581 1
1408524581 71
1408524582 1
1408524582 71
1408524584 1
1408524584 71
1408524585 1
1408524585 71
1408524587 1
1408524587 71
1408524588 1
1408524588 71
1408524590 1
1408524590 71
1408524592 1
1408524592 71
1408524593 1
1408524594 71
1408524595 1
1408524595 71
1408524597 1
1408524597 71
1408524598 1
1408524598 71
1408524600 1
1408524600 71
1408524601 1
1408524601 71
1408524603 1
1408524603 72
1408524604 1
1408524604 71
1408524606 1
1408524606 71
1408524608 1
1408524608 71
1408524609 1
1408524609 71
1408524611 1
1408524611 71
1408524612 1
1408524612 71
1408524614 1
1408524614 72
1408524615 1
1408524615 71
1408524617 1
1408524617 71
1408524618 1
1408524618 71
1408524620 1
1408524620 71
1408524622 1
1408524622 71
1408524623 1
1408524623 72
1408524625 1
1408524625 72
1408524626 1
1408524626 72
1408524628 1
1408524628 72
1408524629 1
1408524629 71
1408524631 1
1408524631 71
1408524633 1
1408524633 71
1408524636 1
1408524636 71
1408524638 1
1408524638 71
1408524640 1
1408524640 71
1408524642 1
1408524642 71
1408524644 1
1408524644 71
1408524646 1
1408524646 71
1408524648 1
1408524648 71
1408524650 1
1408524650 71
1408524652 1
1408524652 71
1408524654 1
1408524654 71
1408524656 1
1408524656 71
1408524658 1
1408524658 71
1408524660 1
1408524660 71
1408524663 1
1408524663 71
1408524665 1
1408524665 71
1408524667 1
1408524667 71
1408524669 1
1408524669 71
1408524671 1
1408524671 71
1408524673 1
1408524673 72
1408524675 1
1408524675 72
1408524677 1
1408524677 72
1408524679 1
1408524679 71
1408524681 1
1408524681 72
1408524683 1
1408524683 72
1408524685 1
1408524685 71
1408524687 1
1408524687 71
1408524689 1
1408524689 71
1408524692 1
1408524692 71
1408524694 1
1408524694 71
1408524696 1
1408524696 71
1408524698 1
1408524698 71
1408524700 1
1408524700 72
1408524702 1
1408524702 71
1408524704 1
1408524704 72
1408524706 1
1408524706 71
1408524708 1
1408524708 71
1408524710 1
1408524710 71
1408524712 1
1408524712 72
1408524714 1
1408524714 71
1408524716 1
1408524717 71
1408524718 1
1408524718 71
1408524721 1
1408524721 71
1408524723 1
1408524723 71
1408524725 1
1408524725 71
1408524727 1
1408524727 71
1408524729 1
1408524729 71
1408524731 1
1408524731 71
1408524733 1
1408524733 71
1408524735 1
1408524735 71
1408524737 1
1408524737 71
1408524739 1
1408524739 71
1408524741 1
1408524741 71
1408524743 1
1408524743 71
1408524745 1
1408524745 71
1408524747 1
1408524747 72
1408524750 1
1408524750 71
1408524754 1
1408524754 71
1408524758 1
1408524758 71
1408524762 1
1408524762 71
1408524766 1
1408524766 71
1408524770 1
1408524770 71
1408524774 1
1408524774 72
1408524778 1
1408524778 72
1408524785 1
1408524785 71
1408524789 1
1408524789 71
1408524793 1
1408524793 71
1408524797 1
1408524797 72
1408524799 1
1408524799 71
1408524800 1
1408524800 72
1408524802 1
1408524802 72
1408524804 1
1408524804 71
1408524805 1
1408524805 71
1408524807 1
1408524807 72
1408524808 1
1408524808 72
1408524810 1
1408524810 72
1408524811 1
1408524811 72
1408524813 1
1408524813 71
1408524814 1
1408524814 71
1408524816 1
1408524816 72
1408524819 1
1408524819 71
1408524821 1
1408524821 71
1408524823 1
1408524823 71
1408524825 1
1408524825 71
1408524826 1
1408524826 71
1408524828 1
1408524828 71
1408524829 1
1408524829 71
1408524831 1
1408524831 71
1408524833 1
1408524833 71
1408524835 1
1408524835 72
1408524837 1
1408524838 72
1408524839 1
1408524839 72
1408524841 1
1408524841 71
1408524842 1
1408524842 72
1408524844 1
1408524844 71
Refreshing cookie
1408524845 1
1408524845 72
1408524847 1
1408524847 71
1408524848 1
1408524848 71
1408524850 1
1408524850 71
1408524852 1
1408524852 71
1408524854 1
1408524854 71
1408524856 1
1408524856 71
1408524858 1
1408524858 72
1408524860 1
1408524860 72
1408524861 1
1408524861 71
1408524863 1
1408524863 72
1408524864 1
1408524864 72
1408524866 1
1408524866 72
1408524868 1
1408524869 72
1408524871 1
1408524871 72
1408524873 1
1408524873 72
1408524875 1
1408524875 71
1408524877 1
1408524877 72
1408524879 1
1408524879 71
1408524880 1
1408524880 72
1408524882 1
1408524882 71
1408524883 1
1408524883 71
1408524885 1
1408524885 71
1408524887 1
1408524887 71
1408524889 1
1408524889 72
1408524890 1
1408524890 72
1408524892 1
1408524892 72
1408524893 1
1408524893 72
1408524895 1
1408524895 71
1408524896 1
1408524896 72
1408524898 1
1408524898 72
1408524899 1
1408524900 71
1408524901 1
1408524901 71
1408524903 1
1408524903 71
1408524904 1
1408524904 71
1408524907 1
1408524907 71
1408524908 1
1408524908 71
1408524910 1
1408524910 71
1408524911 1
1408524911 71
1408524913 1
1408524913 71
1408524914 1
1408524914 72
1408524916 1
1408524916 71
1408524918 1
1408524918 71
1408524919 1
1408524919 71
1408524921 1
1408524921 71
1408524922 1
1408524922 72
1408524924 1
1408524924 72
1408524925 1
1408524925 71
1408524927 1
1408524927 71
1408524929 1
1408524929 72
1408524930 1
1408524930 71
1408524932 1
1408524932 71
1408524934 1
1408524934 71
1408524935 1
1408524935 71
1408524937 1
1408524937 71
1408524938 1
1408524938 71
1408524940 1
1408524940 72
1408524941 1
1408524941 71
1408524943 1
1408524943 72
1408524945 1
1408524945 71
1408524947 1
1408524947 71
1408524949 1
1408524949 71
1408524951 1
1408524951 71
1408524953 1
1408524953 71
1408524955 1
1408524955 72
1408524956 1
1408524956 71
1408524958 1
1408524958 71
1408524960 1
1408524960 71
1408524961 1
1408524961 71
1408524962 1
1408524962 72
1408524964 1
1408524964 72
1408524965 1
1408524966 71
1408524967 1
1408524967 71
1408524969 1
1408524969 72
1408524970 1
1408524970 71
1408524972 1
1408524972 71
1408524974 1
1408524974 71
1408524975 1
1408524975 71
1408524978 1
1408524978 71
1408524979 1
1408524979 71
1408524981 1
1408524981 71
1408524982 1
1408524982 71
1408524984 1
1408524984 71
1408524985 1
1408524985 71
1408524987 1
1408524987 71
1408524989 1
1408524989 72
1408524990 1
1408524990 71
1408524992 1
1408524992 72
1408524993 1
1408524993 72
1408524995 1
1408524995 71
1408524996 1
1408524996 71
1408524998 1
1408524998 71
1408524999 1
1408524999 71
1408525001 1
1408525001 71
1408525003 1
1408525003 71
1408525004 1
1408525004 71
1408525006 1
1408525006 71
1408525007 1
1408525007 72
1408525010 1
1408525010 72
1408525011 1
1408525011 72
1408525013 1
1408525013 72
1408525014 1
1408525014 71
1408525016 1
1408525016 72
1408525018 1
1408525018 72
1408525019 1
1408525019 72
1408525021 1
1408525021 72
1408525022 1
1408525022 71
1408525024 1
1408525024 71
1408525026 1
1408525026 71
1408525028 1
1408525028 71
1408525029 1
1408525029 71
1408525031 1
1408525031 71
1408525032 1
1408525032 71
1408525034 1
1408525034 71
1408525035 1
1408525035 71
1408525037 1
1408525037 71
1408525039 1
1408525039 71
1408525040 1
1408525040 72
1408525042 1
1408525042 71
1408525043 1
1408525043 72
1408525045 1
1408525045 71
1408525046 1
1408525046 72
1408525048 1
1408525048 72
1408525050 1
1408525050 72
1408525051 1
1408525051 72
1408525053 1
1408525053 72
1408525054 1
1408525054 71
1408525056 1
1408525056 72
1408525057 1
1408525057 72
1408525059 1
1408525059 71
1408525060 1
1408525060 72
1408525062 1
1408525062 72
1408525063 1
1408525063 72
1408525065 1
1408525065 71
1408525066 1
1408525066 71
1408525068 1
1408525068 71
1408525069 1
1408525069 71
1408525071 1
1408525071 71
1408525072 1
1408525072 71
1408525074 1
1408525074 72
1408525075 1
1408525075 71
1408525077 1
1408525077 71
1408525078 1
1408525078 71
1408525080 1
1408525080 71
1408525081 1
1408525081 71
1408525083 1
1408525083 71
1408525084 1
1408525084 71
1408525086 1
1408525086 71
1408525088 1
1408525088 71
1408525090 1
1408525090 72
1408525091 1
1408525091 71
1408525093 1
1408525093 71
1408525094 1
1408525094 71
1408525096 1
1408525096 71
1408525097 1
1408525097 71
1408525098 1
1408525098 71
1408525100 1
1408525100 71
1408525102 1
1408525102 71
1408525103 1
1408525103 71
1408525105 1
1408525105 71
1408525107 1
1408525107 71
1408525108 1
1408525108 72
1408525110 1
1408525110 71
1408525111 1
1408525111 71
1408525113 1
1408525113 71
1408525114 1
1408525114 72
1408525116 1
1408525116 71
1408525118 1
1408525118 71
1408525119 1
1408525119 72
1408525121 1
1408525121 71
1408525122 1
1408525122 72
1408525124 1
1408525124 72
1408525126 1
1408525126 72
1408525127 1
1408525127 72
1408525128 1
1408525128 72
1408525130 1
1408525130 72
1408525131 1
1408525131 72
1408525133 1
1408525133 72
1408525135 1
1408525135 72
1408525136 1
1408525136 72
1408525138 1
1408525138 72
1408525140 1
1408525140 71
1408525142 1
1408525142 72
1408525144 1
1408525144 71
1408525146 1
1408525146 72
Refreshing cookie
1408525148 1
1408525148 72
1408525165 1
1408525165 72
1408525171 1
1408525171 71
1408525176 1
1408525176 72
1408525178 1
1408525178 72
1408525183 1
1408525183 71
1408525187 1
1408525187 71
1408525191 1
1408525191 72
1408525195 1
1408525195 72
1408525199 1
1408525199 71
1408525203 1
1408525203 72
1408525207 1
1408525207 71
1408525211 1
1408525211 71
1408525215 1
1408525215 72
1408525220 1
1408525220 72
1408525224 1
1408525224 72
1408525228 1
1408525228 72
1408525232 1
1408525232 72
1408525236 1
1408525236 72
1408525242 1
1408525242 72
1408525246 1
1408525246 72
1408525257 1
1408525257 72
1408525261 1
1408525261 72
1408525265 1
1408525265 72
1408525269 1
1408525269 71
1408525273 1
1408525273 71
1408525277 1
1408525277 72
1408525281 1
1408525281 71
1408525285 1
1408525285 72
1408525290 1
1408525290 72
1408525294 1
1408525294 72
1408525298 1
1408525298 72
1408525302 1
1408525302 71
1408525306 1
1408525306 71
1408525310 1
1408525310 71
1408525314 1
1408525314 71
1408525318 1
1408525318 72
1408525322 1
1408525322 72
1408525327 1
1408525327 72
1408525331 1
1408525331 72
1408525335 1
1408525335 72
1408525337 1
1408525337 71
1408525341 1
1408525341 72
1408525345 1
1408525345 71
1408525349 1
1408525349 71
1408525353 1
1408525353 72
1408525357 1
1408525357 71
1408525361 1
1408525361 71
1408525366 1
1408525366 71
1408525368 1
1408525368 72
1408525372 1
1408525372 71
1408525376 1
1408525376 71
1408525380 1
1408525380 71
1408525384 1
1408525384 71
1408525388 1
1408525388 71
1408525392 1
1408525392 71
1408525396 1
1408525396 71
1408525400 1
1408525401 71
1408525405 1
1408525405 71
1408525409 1
1408525409 71
1408525413 1
1408525413 71
1408525417 1
1408525417 71
1408525423 1
1408525423 70
1408525430 1
1408525430 71
1408525431 1
1408525431 71
1408525438 1
1408525438 49
1408525439 1
1408525439 29
1408525441 0
1408525441 e6
1408525442 0
1408525442 dc
1408525443 0
1408525443 da
