Output files: /afs/cern.ch/user/g/gmarques/private/ext/TotalActiveEnergy-2014-08-15-10_22_39.txt /afs/cern.ch/user/g/gmarques/private/ext/TotalActiveEnergy2-2014-08-15-10_22_39.txt
1408090961 0
1408090961 d6
1408090965 0
1408090965 ea
1408090969 0
1408090969 e9
1408090973 0
1408090973 e7
1408090977 0
1408090977 e7
1408090979 0
1408090979 e9
1408090983 0
1408090983 e7
1408090987 0
1408090987 e8
1408090991 0
1408090992 ec
1408090994 0
1408090994 e8
1408090998 1
1408090998 24
1408091000 1
1408091000 25
1408091004 1
1408091004 25
1408091006 1
1408091006 25
1408091010 1
1408091010 26
1408091014 1
1408091014 26
1408091018 1
1408091018 26
1408091022 1
1408091022 27
1408091025 1
1408091025 27
1408091028 1
1408091028 27
1408091033 1
1408091033 27
1408091035 1
1408091035 27
1408091039 1
1408091039 27
1408091043 1
1408091043 27
1408091045 1
1408091045 28
1408091049 1
1408091049 28
1408091053 1
1408091053 28
1408091055 1
1408091055 28
1408091059 1
1408091059 28
1408091063 1
1408091063 28
1408091065 1
1408091065 2b
1408091069 1
1408091069 2a
1408091074 1
1408091074 2c
1408091078 1
1408091078 2c
1408091082 1
1408091082 2c
1408091084 1
1408091084 2d
1408091088 1
1408091088 2d
1408091092 1
1408091092 2a
1408091096 1
1408091096 2c
1408091130 1
1408091130 2b
1408091132 1
1408091132 2b
1408091136 1
1408091136 2a
1408091140 1
1408091140 2a
1408091144 1
1408091144 2a
1408091148 1
1408091148 2b
1408091152 1
1408091152 2b
1408091154 1
1408091154 2b
1408091158 1
1408091158 2a
1408091161 1
1408091161 2b
1408091164 1
1408091164 2a
1408091169 1
1408091169 2b
1408091171 1
1408091171 2b
1408091175 1
1408091175 2b
1408091179 1
1408091179 2b
1408091183 1
1408091183 2a
1408091187 1
1408091187 2a
1408091191 1
1408091191 2b
1408091195 1
1408091195 2b
1408091197 1
1408091197 2b
1408091202 1
1408091202 2b
1408091206 1
1408091206 2b
1408091210 1
1408091210 2b
1408091214 1
1408091214 2b
1408091218 1
1408091218 2b
1408091220 1
1408091220 2b
1408091224 1
1408091224 2b
1408091228 1
1408091228 2b
1408091230 1
1408091230 2b
1408091234 1
1408091234 2a
1408091239 1
1408091239 2b
1408091243 1
1408091243 2b
1408091245 1
1408091245 2b
1408091249 1
1408091249 2a
1408091251 1
1408091251 2b
1408091255 1
1408091255 2b
1408091259 1
1408091259 2b
1408091263 1
1408091263 2b
Refreshing cookie
1408091269 1
1408091269 2b
1408091274 1
1408091274 2b
1408091276 1
1408091276 2b
1408091280 1
1408091280 2b
1408091284 1
1408091284 2b
1408091288 1
1408091288 2b
1408091292 1
1408091292 2b
1408091294 1
1408091294 2b
1408091298 1
1408091298 2b
1408091302 1
1408091302 2b
1408091305 1
1408091305 2b
1408091309 1
1408091309 2b
1408091313 1
1408091313 2b
1408091316 1
1408091316 2b
1408091318 1
1408091318 2b
1408091322 1
1408091322 2c
1408091324 1
1408091324 2c
1408091328 1
1408091329 2c
1408091333 1
1408091333 2c
1408091335 1
1408091335 2c
1408091337 1
1408091337 2c
1408091341 1
1408091341 2b
1408091472 1
1408091472 2b
1408091474 1
1408091474 2c
1408091475 1
1408091475 2c
1408091476 1
1408091476 2c
1408091477 1
1408091477 2c
1408091478 1
1408091478 2c
1408091480 1
1408091480 2c
1408091481 1
1408091481 2c
1408091482 1
1408091482 2c
1408091483 1
1408091483 2c
1408091485 1
1408091485 2c
1408091486 1
1408091486 2b
1408091487 1
1408091487 2c
1408091489 1
1408091489 2c
1408091490 1
1408091490 2c
1408091491 1
1408091491 2c
1408091492 1
1408091492 2c
1408091494 1
1408091494 2d
1408091495 1
1408091495 2d
1408091496 1
1408091496 2d
1408091497 1
1408091497 2c
1408091499 1
1408091499 2c
1408091500 1
1408091500 2d
1408091501 1
1408091501 2d
1408091502 1
1408091502 2d
1408091503 1
1408091503 2c
1408091505 1
1408091505 2d
1408091506 1
1408091506 2f
1408091507 1
1408091507 30
1408091508 1
1408091508 2f
1408091510 1
1408091510 30
1408091511 1
1408091511 2f
1408091512 1
1408091512 30
1408091513 1
1408091513 2f
1408091515 1
1408091515 2f
1408091516 1
1408091516 2f
1408091517 1
1408091517 2f
1408091519 1
1408091519 30
1408091520 1
1408091520 2f
1408091521 1
1408091521 2f
1408091522 1
1408091522 2f
1408091523 1
1408091523 30
1408091525 1
1408091525 30
1408091526 1
1408091526 2f
1408091527 1
1408091527 2f
1408091528 1
1408091528 2f
1408091530 1
1408091530 2f
1408091531 1
1408091531 2f
1408091532 1
1408091532 2f
1408091533 1
1408091533 30
1408091535 1
1408091535 2e
1408091536 1
1408091536 2c
1408091537 1
1408091537 2c
1408091538 1
1408091538 2c
1408091539 1
1408091539 2f
1408091541 1
1408091541 2f
1408091542 1
1408091542 2c
1408091543 1
1408091543 2d
1408091544 1
1408091544 2d
1408091546 1
1408091546 2d
1408091547 1
1408091547 2d
1408091548 1
1408091548 2d
1408091549 1
1408091549 2e
1408091551 1
1408091551 2d
1408091552 1
1408091552 2e
1408091553 1
1408091553 2d
1408091554 1
1408091554 2d
1408091556 1
1408091556 2d
1408091557 1
1408091557 2d
1408091558 1
1408091558 2b
1408091559 1
1408091559 2d
1408091560 1
1408091560 2d
1408091562 1
1408091562 2e
1408091563 1
1408091563 2d
1408091564 1
1408091564 2c
1408091565 1
1408091565 2d
1408091567 1
1408091567 2c
Refreshing cookie
1408091568 1
1408091568 2c
1408091569 1
1408091569 2d
1408091571 1
1408091571 2d
1408091572 1
1408091572 2d
1408091573 1
1408091573 2c
1408091574 1
1408091574 2d
1408091576 1
1408091576 2d
1408091577 1
1408091577 2c
1408091578 1
1408091578 2c
1408091580 1
1408091580 2e
1408091581 1
1408091581 2f
1408091582 1
1408091582 2b
1408091583 1
1408091583 2c
1408091584 1
1408091584 2c
1408091586 1
1408091586 2c
1408091587 1
1408091587 2c
1408091588 1
1408091588 2c
1408091589 1
1408091589 2d
1408091591 1
1408091591 2f
1408091592 1
1408091592 2f
1408091593 1
1408091593 2f
1408091594 1
1408091594 30
1408091596 1
1408091596 30
1408091597 1
1408091597 30
1408091598 1
1408091598 2f
1408091599 1
1408091599 2f
1408091600 1
1408091600 2f
1408091602 1
1408091602 2f
1408091603 1
1408091603 2f
1408091604 1
1408091604 2f
1408091605 1
1408091605 30
1408091607 1
1408091607 30
1408091608 1
1408091608 31
1408091609 1
1408091609 2f
1408091610 1
1408091610 30
1408091612 1
1408091612 30
1408091613 1
1408091613 2f
1408091614 1
1408091614 2f
1408091616 1
1408091616 30
1408091617 1
1408091617 2e
1408091619 1
1408091619 2f
1408091620 1
1408091620 30
1408091621 1
1408091621 2e
1408091622 1
1408091622 2f
1408091624 1
1408091624 2d
1408091625 1
1408091625 2d
1408091626 1
1408091626 2c
1408091627 1
1408091627 2d
1408091629 1
1408091629 2f
1408091630 1
1408091630 2e
1408091631 1
1408091631 30
1408091633 1
1408091633 2e
1408091634 1
1408091634 2c
1408091635 1
1408091635 2d
1408091636 1
1408091636 2e
1408091637 1
1408091637 2e
1408091639 1
1408091639 2d
1408091640 1
1408091640 2f
1408091641 1
1408091641 2e
1408091643 1
1408091643 2f
1408091644 1
1408091644 2f
1408091645 1
1408091645 2d
1408091646 1
1408091646 2d
1408091648 1
1408091648 2d
1408091649 1
1408091649 2d
1408091650 1
1408091650 2e
1408091651 1
1408091651 2f
1408091653 1
1408091653 30
1408091654 1
1408091654 30
1408091655 1
1408091655 2f
1408091656 1
1408091656 2f
1408091658 1
1408091658 30
1408091659 1
1408091659 2f
1408091660 1
1408091660 30
1408091662 1
1408091662 30
1408091663 1
1408091663 30
1408091664 1
1408091664 2c
1408091665 1
1408091665 2d
1408091667 1
1408091667 2c
1408091668 1
1408091668 2b
1408091669 1
1408091669 2c
1408091671 1
1408091671 2d
1408091672 1
1408091672 2d
1408091673 1
1408091673 2d
1408091674 1
1408091674 2f
1408091675 1
1408091675 30
1408091677 1
1408091677 30
1408091678 1
1408091678 30
1408091679 1
1408091679 2f
1408091681 1
1408091681 30
1408091682 1
1408091682 30
1408091683 1
1408091683 2f
1408091684 1
1408091684 2f
1408091686 1
1408091686 2e
1408091687 1
1408091687 2c
1408091688 1
1408091688 2c
1408091689 1
1408091689 2c
1408091691 1
1408091691 2c
1408091692 1
1408091692 2c
1408091693 1
1408091693 2c
1408091694 1
1408091694 2b
1408091696 1
1408091696 2c
1408091697 1
1408091697 2c
1408091698 1
1408091698 2d
1408091699 1
1408091699 2c
1408091701 1
1408091701 2c
1408091702 1
1408091702 2c
1408091703 1
1408091703 2b
1408091705 1
1408091705 2c
1408091706 1
1408091706 2c
1408091707 1
1408091707 2b
1408091708 1
1408091708 2c
1408091710 1
1408091710 2c
1408091711 1
1408091711 2c
1408091712 1
1408091712 2c
1408091713 1
1408091713 2b
1408091715 1
1408091715 2c
1408091716 1
1408091716 2c
1408091717 1
1408091717 2b
1408091718 1
1408091718 2c
1408091720 1
1408091720 2c
1408091721 1
1408091721 2c
1408091722 1
1408091722 2c
1408091723 1
1408091723 2c
1408091725 1
1408091725 2c
1408091726 1
1408091726 2c
1408091727 1
1408091727 2c
1408091728 1
1408091728 2b
1408091730 1
1408091730 2c
1408091731 1
1408091731 2c
1408091732 1
1408091732 2c
1408091733 1
1408091733 2b
1408091734 1
1408091734 2b
1408091736 1
1408091736 2c
1408091737 1
1408091737 2c
1408091738 1
1408091738 2c
1408091739 1
1408091739 2b
1408091741 1
1408091741 2c
1408091742 1
1408091742 2c
1408091743 1
1408091743 2c
1408091744 1
1408091744 2b
1408091746 1
1408091746 2c
1408091747 1
1408091747 2c
1408091748 1
1408091748 2c
1408091749 1
1408091749 2b
1408091751 1
1408091751 2c
1408091752 1
1408091752 2c
1408091753 1
1408091753 2b
1408091755 1
1408091755 2b
1408091756 1
1408091756 2c
1408091757 1
1408091757 2b
1408091758 1
1408091758 2c
1408091760 1
1408091760 2c
1408091761 1
1408091761 2c
1408091762 1
1408091762 2b
1408091764 1
1408091764 2c
1408091765 1
1408091765 2c
1408091766 1
1408091766 2c
1408091767 1
1408091767 2b
1408091769 1
1408091769 2c
1408091770 1
1408091770 2d
1408091771 1
1408091771 2e
1408091772 1
1408091772 2b
1408091774 1
1408091774 2b
1408091775 1
1408091775 2c
1408091776 1
1408091776 2b
1408091778 1
1408091778 2b
1408091779 1
1408091779 2c
1408091780 1
1408091780 2c
1408091781 1
1408091781 2b
1408091783 1
1408091783 2d
1408091784 1
1408091784 2e
1408091785 1
1408091785 2d
1408091787 1
1408091787 2b
1408091788 1
1408091788 2c
1408091790 1
1408091790 2b
1408091791 1
1408091791 2b
1408091792 1
1408091792 2c
1408091793 1
1408091793 2b
1408091795 1
1408091795 2b
1408091796 1
1408091796 2c
1408091797 1
1408091797 2c
1408091798 1
1408091798 2b
1408091800 1
1408091800 2c
1408091801 1
1408091801 2c
1408091802 1
1408091802 2c
1408091803 1
1408091803 2b
1408091805 1
1408091805 2e
1408091806 1
1408091806 2c
1408091807 1
1408091807 2c
1408091808 1
1408091808 2b
1408091810 1
1408091810 2c
1408091811 1
1408091811 2c
1408091812 1
1408091812 2c
1408091813 1
1408091813 2b
1408091815 1
1408091815 2c
1408091816 1
1408091816 2c
1408091817 1
1408091817 2c
1408091818 1
1408091818 2b
1408091820 1
1408091820 2c
1408091821 1
1408091821 2c
1408091822 1
1408091822 2c
1408091824 1
1408091824 2b
1408091825 1
1408091825 2c
1408091826 1
1408091826 2c
1408091827 1
1408091827 2c
1408091829 1
1408091829 2b
1408091830 1
1408091830 2f
1408091831 1
1408091831 2d
1408091832 1
1408091832 2d
1408091834 1
1408091834 2b
1408091835 1
1408091835 2e
1408091836 1
1408091836 2e
1408091837 1
1408091837 2d
1408091839 1
1408091839 2e
1408091840 1
1408091840 2c
1408091841 1
1408091841 2c
1408091842 1
1408091842 2c
1408091843 1
1408091843 2a
1408091845 1
1408091845 2c
1408091846 1
1408091846 2c
1408091847 1
1408091847 2c
1408091849 1
1408091849 2a
1408091850 1
1408091850 2c
1408091851 1
1408091851 2c
1408091852 1
1408091852 2c
1408091853 1
1408091853 2b
1408091855 1
1408091855 2c
1408091856 1
1408091856 2c
1408091857 1
1408091857 2c
1408091858 1
1408091858 2b
1408091860 1
1408091860 2c
1408091861 1
1408091861 2c
1408091862 1
1408091862 2c
1408091863 1
1408091863 2b
1408091865 1
1408091865 2b
1408091866 1
1408091866 2c
1408091867 1
1408091867 2c
1408091868 1
1408091868 2c
Refreshing cookie
1408091870 1
1408091870 2b
1408091871 1
1408091871 2c
1408091872 1
1408091872 2c
1408091873 1
1408091873 2c
1408091875 1
1408091875 2c
1408091876 1
1408091876 2d
1408091877 1
1408091877 2c
1408091878 1
1408091878 2c
1408091880 1
1408091880 2c
1408091881 1
1408091881 2c
1408091882 1
1408091882 2d
1408091883 1
1408091883 2b
1408091885 1
1408091885 2b
1408091886 1
1408091886 2c
1408091887 1
1408091887 2c
1408091889 1
1408091889 2b
1408091890 1
1408091890 2c
1408091891 1
1408091891 2d
1408091892 1
1408091892 2c
1408091894 1
1408091894 2b
1408091895 1
1408091895 2c
1408091896 1
1408091896 2c
1408091897 1
1408091897 2c
1408091899 1
1408091899 2b
1408091900 1
1408091900 2c
1408091901 1
1408091901 2c
1408091902 1
1408091902 2c
1408091904 1
1408091904 2b
1408091905 1
1408091905 2c
1408091906 1
1408091906 2d
1408091907 1
1408091907 2e
1408091908 1
1408091908 2e
1408091910 1
1408091910 2c
1408091911 1
1408091911 2e
1408091912 1
1408091912 2d
1408091914 1
1408091914 2c
1408091915 1
1408091915 2e
1408091916 1
1408091916 2f
1408091917 1
1408091917 2e
1408091918 1
1408091918 2d
1408091920 1
1408091920 2c
1408091921 1
1408091921 2e
1408091922 1
1408091922 2e
1408091923 1
1408091923 2e
1408091925 1
1408091925 2d
1408091926 1
1408091926 2e
1408091927 1
1408091927 2e
1408091928 1
1408091928 2e
1408091930 1
1408091930 2b
1408091931 1
1408091931 2d
1408091932 1
1408091932 2d
1408091933 1
1408091933 2d
1408091934 1
1408091934 2d
1408091936 1
1408091936 2c
1408091937 1
1408091937 2d
1408091938 1
1408091938 2d
1408091939 1
1408091939 2d
1408091941 1
1408091941 2b
1408091942 1
1408091942 2d
1408091943 1
1408091943 2d
1408091944 1
1408091944 2c
1408091946 1
1408091946 2c
1408091947 1
1408091947 2d
1408091948 1
1408091948 2d
1408091949 1
1408091949 2c
1408091951 1
1408091951 2c
1408091952 1
1408091952 2c
1408091953 1
1408091953 2d
1408091954 1
1408091954 2c
1408091956 1
1408091956 2d
1408091957 1
1408091957 2c
1408091958 1
1408091958 2d
1408091959 1
1408091959 2c
1408091960 1
1408091960 2c
1408091962 1
1408091962 2c
1408091963 1
1408091963 2c
1408091964 1
1408091964 2d
1408091965 1
1408091965 2c
1408091967 1
1408091967 2c
1408091968 1
1408091968 2d
1408091969 1
1408091969 2d
1408091970 1
1408091970 2c
1408091972 1
1408091972 2b
1408091973 1
1408091973 2c
1408091974 1
1408091974 2c
1408091975 1
1408091975 2d
1408091977 1
1408091977 2c
1408091978 1
1408091978 2c
1408091979 1
1408091979 2d
1408091981 1
1408091981 2c
1408091982 1
1408091982 2c
1408091983 1
1408091983 2c
1408091984 1
1408091984 2e
1408091985 1
1408091985 2d
1408091987 1
1408091987 2c
1408091988 1
1408091988 2d
1408091989 1
1408091989 2d
1408091991 1
1408091991 2d
1408091992 1
1408091992 2c
1408091993 1
1408091993 2d
1408091994 1
1408091994 2d
1408091996 1
1408091996 2d
1408091997 1
1408091997 2c
1408091998 1
1408091998 2d
1408091999 1
1408091999 2d
1408092001 1
1408092001 2c
1408092002 1
1408092002 2e
1408092003 1
1408092003 2d
1408092004 1
1408092004 2d
1408092006 1
1408092006 2d
1408092007 1
1408092007 2d
1408092008 1
1408092008 2d
1408092009 1
1408092009 2d
1408092011 1
1408092011 2d
1408092012 1
1408092012 2c
1408092013 1
1408092013 2d
1408092014 1
1408092014 2d
1408092016 1
1408092016 2c
1408092017 1
1408092017 2c
1408092018 1
1408092018 2d
1408092019 1
1408092019 2d
1408092021 1
1408092021 2d
1408092022 1
1408092022 2c
1408092023 1
1408092023 2d
1408092024 1
1408092024 2d
1408092026 1
1408092026 2c
1408092027 1
1408092027 2c
1408092028 1
1408092028 2d
1408092029 1
1408092029 2d
1408092031 1
1408092031 2c
1408092032 1
1408092032 2d
1408092033 1
1408092033 2d
1408092034 1
1408092034 2d
1408092036 1
1408092036 32
1408092037 1
1408092037 2d
1408092038 1
1408092038 2f
1408092039 1
1408092039 30
1408092041 1
1408092041 2f
1408092042 1
1408092042 2e
1408092043 1
1408092043 2f
1408092044 1
1408092044 2f
1408092046 1
1408092046 2e
1408092047 1
1408092047 2e
1408092048 1
1408092048 2f
1408092050 1
1408092050 2f
1408092051 1
1408092051 2c
1408092052 1
1408092052 2c
1408092053 1
1408092053 2e
1408092055 1
1408092055 2e
1408092056 1
1408092056 2e
1408092057 1
1408092057 30
1408092058 1
1408092058 2e
1408092060 1
1408092060 2b
1408092061 1
1408092061 2c
1408092064 1
1408092064 2b
1408092066 1
1408092066 2b
1408092070 1
1408092070 2b
1408092075 1
1408092075 2b
1408092077 1
1408092077 2b
1408092081 1
1408092081 2b
1408092083 1
1408092083 2b
1408092087 1
1408092087 2b
1408092089 1
1408092089 2b
1408092093 1
1408092093 2b
1408092095 1
1408092095 2b
1408092099 1
1408092099 2b
1408092103 1
1408092103 2b
1408092107 1
1408092107 2b
1408092110 1
1408092110 2c
1408092114 1
1408092114 2b
1408092116 1
1408092116 2b
1408092120 1
1408092120 2b
1408092123 1
1408092123 2b
1408092126 1
1408092126 2b
1408092130 1
1408092130 2e
1408092134 1
1408092134 2e
1408092138 1
1408092138 2b
1408092140 1
1408092140 2b
1408092145 1
1408092145 2b
1408092149 1
1408092149 2b
1408092151 1
1408092151 2b
1408092155 1
1408092155 2b
1408092157 1
1408092157 2c
1408092161 1
1408092161 2b
1408092163 1
1408092163 2b
1408092167 1
1408092167 2b
1408092169 1
1408092169 2b
Refreshing cookie
1408092173 1
1408092173 2b
1408092177 1
1408092177 2b
1408092180 1
1408092180 2b
1408092184 1
1408092184 2b
1408092186 1
1408092186 2b
1408092190 1
1408092190 2b
1408092194 1
1408092194 2b
1408092198 1
1408092198 2a
1408092200 1
1408092200 2b
1408092204 1
1408092204 2b
1408092208 1
1408092208 2b
1408092213 1
1408092213 2b
1408092217 1
1408092217 2b
1408092219 1
1408092219 2b
1408092223 1
1408092223 2a
1408092225 1
1408092225 2c
1408092229 1
1408092229 2b
1408092231 1
1408092231 2c
1408092235 1
1408092235 2b
1408092238 1
1408092238 2c
1408092242 1
1408092242 2b
1408092246 1
1408092246 2b
1408092248 1
1408092248 2b
1408092252 1
1408092252 2b
1408092256 1
1408092256 2b
1408092258 1
1408092258 2c
1408092262 1
1408092262 2c
1408092264 1
1408092264 2c
1408092268 1
1408092268 2b
1408092271 1
1408092271 2b
1408092275 1
1408092275 2b
1408092277 1
1408092277 2b
1408092281 1
1408092281 2b
1408092283 1
1408092283 2b
1408092287 1
1408092287 2b
1408092289 1
1408092289 2b
1408092293 1
1408092293 2b
1408092295 1
1408092295 2b
1408092299 1
1408092299 2b
1408092304 1
1408092304 2b
1408092308 1
1408092308 2b
1408092312 1
1408092312 2b
1408092314 1
1408092314 2b
1408092318 1
1408092318 2b
1408092320 1
1408092320 2b
1408092324 1
1408092324 2b
1408092328 1
1408092328 2b
1408092330 1
1408092330 2b
1408092334 1
1408092334 2b
1408092337 1
1408092337 2b
1408092341 1
1408092341 2b
1408092345 1
1408092345 2b
1408092349 1
1408092349 2c
1408092353 1
1408092353 2c
1408092357 1
1408092357 2b
1408092361 1
1408092361 2b
1408092365 1
1408092365 2b
1408092369 1
1408092369 2b
1408092436 1
1408092436 2b
1408092440 1
1408092440 2b
1408092444 1
1408092444 2b
1408092446 1
1408092446 2b
1408092450 1
1408092450 2b
1408092454 1
1408092454 2b
1408092458 1
1408092458 2b
1408092460 1
1408092460 2b
1408092464 1
1408092464 2b
1408092468 1
1408092468 2b
1408092471 1
1408092471 2b
Refreshing cookie
1408092475 1
1408092475 2b
1408092479 1
1408092479 2c
1408092481 1
1408092481 2b
1408092485 1
1408092485 2b
1408092489 1
1408092489 2b
1408092491 1
1408092491 2b
1408092495 1
1408092495 2b
1408092497 1
1408092497 2b
1408092501 1
1408092501 2b
1408092504 1
1408092504 2b
1408092507 1
1408092507 2b
1408092511 1
1408092511 2b
1408092512 1
1408092512 2c
1408092513 1
1408092513 2c
1408092514 1
1408092514 2d
1408092515 1
1408092515 2e
1408092517 1
1408092517 2c
1408092519 1
1408092519 2b
1408092520 1
1408092520 2c
1408092522 1
1408092522 2b
1408092524 1
1408092524 2b
1408092526 1
1408092526 2b
1408092528 1
1408092528 2b
1408092530 1
1408092530 2e
1408092532 1
1408092532 2f
1408092534 1
1408092534 2d
1408092536 1
1408092536 2b
1408092538 1
1408092538 2c
1408092541 1
1408092541 2c
1408092543 1
1408092543 2d
1408092544 1
1408092544 2c
1408092545 1
1408092545 2c
1408092546 1
1408092546 2c
1408092548 1
1408092548 2b
1408092550 1
1408092550 2b
1408092552 1
1408092552 2b
1408092554 1
1408092554 2b
1408092556 1
1408092556 2b
1408092558 1
1408092558 2b
1408092560 1
1408092560 2b
1408092562 1
1408092562 2b
1408092564 1
1408092564 2b
1408092566 1
1408092566 2b
1408092568 1
1408092568 2b
1408092570 1
1408092570 2b
1408092571 1
1408092571 2b
1408092572 1
1408092572 2c
1408092575 1
1408092575 2b
1408092577 1
1408092577 2b
1408092579 1
1408092579 2b
1408092580 1
1408092580 2b
1408092581 1
1408092581 2e
1408092583 1
1408092583 2b
1408092585 1
1408092585 2a
1408092587 1
1408092587 2a
1408092589 1
1408092589 2a
1408092591 1
1408092591 2a
1408092593 1
1408092593 2b
1408092595 1
1408092595 2a
1408092597 1
1408092597 2b
1408092599 1
1408092599 2a
1408092600 1
1408092600 2b
1408092602 1
1408092602 2b
1408092603 1
1408092603 2b
1408092605 1
1408092605 2a
1408092607 1
1408092607 2a
1408092609 1
1408092609 2b
1408092611 1
1408092611 2a
1408092613 1
1408092613 2e
1408092616 1
1408092616 2f
1408092618 1
1408092618 2e
1408092620 1
1408092620 2c
1408092621 1
1408092621 2e
1408092622 1
1408092622 2f
1408092624 1
1408092624 2f
1408092626 1
1408092626 2e
1408092628 1
1408092628 2b
1408092630 1
1408092630 2e
1408092632 1
1408092632 2d
1408092634 1
1408092634 2d
1408092635 1
1408092635 2e
1408092637 1
1408092637 2d
1408092639 1
1408092639 2d
1408092641 1
1408092641 2d
1408092643 1
1408092643 2e
1408092645 1
1408092645 2e
1408092647 1
1408092647 2b
1408092649 1
1408092649 2b
1408092650 1
1408092650 2c
1408092652 1
1408092652 2e
1408092653 1
1408092653 2d
1408092654 1
1408092654 2d
1408092656 1
1408092656 2d
1408092659 1
1408092659 2d
1408092661 1
1408092661 2d
1408092663 1
1408092663 2d
1408092665 1
1408092665 2d
1408092667 1
1408092667 2d
1408092669 1
1408092669 2d
1408092670 1
1408092670 2d
1408092671 1
1408092671 2d
1408092673 1
1408092673 2f
1408092675 1
1408092675 2f
1408092677 1
1408092677 2f
1408092679 1
1408092679 2b
1408092681 1
1408092681 2b
1408092683 1
1408092683 2c
1408092685 1
1408092685 2b
1408092687 1
1408092687 2e
1408092689 1
1408092689 2e
1408092691 1
1408092691 2e
1408092693 1
1408092693 2e
1408092695 1
1408092695 2e
1408092697 1
1408092697 2e
1408092700 1
1408092700 2e
1408092702 1
1408092702 2e
1408092704 1
1408092704 2f
1408092706 1
1408092706 2e
1408092708 1
1408092708 2e
1408092710 1
1408092710 2e
1408092712 1
1408092712 2e
1408092714 1
1408092714 2e
1408092716 1
1408092716 2e
1408092718 1
1408092718 2e
1408092720 1
1408092720 2e
1408092722 1
1408092722 2e
1408092724 1
1408092724 2e
1408092726 1
1408092726 2e
1408092729 1
1408092729 2f
1408092730 1
1408092730 2f
1408092731 1
1408092731 2f
1408092734 1
1408092734 2e
1408092735 1
1408092735 2e
1408092737 1
1408092737 2f
1408092740 1
1408092740 2e
1408092742 1
1408092742 2e
1408092744 1
1408092744 2e
1408092746 1
1408092746 2e
1408092747 1
1408092747 2f
1408092748 1
1408092748 2f
1408092749 1
1408092749 2f
1408092751 1
1408092751 2e
1408092753 1
1408092753 2f
1408092755 1
1408092755 2e
1408092757 1
1408092757 2e
1408092759 1
1408092759 2e
1408092761 1
1408092761 2e
1408092763 1
1408092763 2e
1408092765 1
1408092765 2e
1408092767 1
1408092767 2e
1408092769 1
1408092769 2e
1408092771 1
1408092771 2e
1408092773 1
1408092773 2e
1408092776 1
1408092776 2e
Refreshing cookie
1408092778 1
1408092778 2e
1408092780 1
1408092780 2e
1408092782 1
1408092782 2e
1408092784 1
1408092784 2e
1408092786 1
1408092786 2e
1408092788 1
1408092788 2e
1408092790 1
1408092790 2f
1408092792 1
1408092792 2d
1408092794 1
1408092794 2e
1408092796 1
1408092796 2e
1408092798 1
1408092798 2d
1408092800 1
1408092800 2b
1408092802 1
1408092802 2b
1408092804 1
1408092804 2e
1408092806 1
1408092806 2e
1408092808 1
1408092808 2e
1408092811 1
1408092811 2e
1408092813 1
1408092813 2e
1408092815 1
1408092815 2e
1408092817 1
1408092817 2d
1408092819 1
1408092819 2b
1408092821 1
1408092821 2b
1408092823 1
1408092823 2b
1408092825 1
1408092825 2b
1408092827 1
1408092827 2c
1408092829 1
1408092829 2f
1408092831 1
1408092831 2e
1408092833 1
1408092833 2d
1408092835 1
1408092835 2e
1408092837 1
1408092837 2f
1408092839 1
1408092839 2f
1408092841 1
1408092841 2e
1408092843 1
1408092843 2f
1408092846 1
1408092846 2e
1408092848 1
1408092848 2d
1408092850 1
1408092850 2d
1408092852 1
1408092852 2b
1408092854 1
1408092854 2b
1408092856 1
1408092856 2b
1408092858 1
1408092858 2b
1408092860 1
1408092860 2b
1408092862 1
1408092862 2b
1408092864 1
1408092864 2b
1408092866 1
1408092866 2b
1408092868 1
1408092868 2b
1408092870 1
1408092870 2b
1408092872 1
1408092872 2c
1408092873 1
1408092873 2d
1408092874 1
1408092874 2b
1408092876 1
1408092876 2b
1408092879 1
1408092879 2b
1408092882 1
1408092882 2b
1408092883 1
1408092883 2b
1408092886 1
1408092886 2b
1408092888 1
1408092888 2b
1408092890 1
1408092890 2b
1408092892 1
1408092892 2a
1408092894 1
1408092894 2b
1408092896 1
1408092896 2c
1408092898 1
1408092898 2b
1408092901 1
1408092901 2b
1408092902 1
1408092902 2c
1408092905 1
1408092905 2b
1408092907 1
1408092907 2b
1408092908 1
1408092908 2c
1408092911 1
1408092911 2a
1408092913 1
1408092913 2a
1408092914 1
1408092914 2c
1408092917 1
1408092917 2a
1408092919 1
1408092919 2b
1408092920 1
1408092920 2b
1408092923 1
1408092923 2b
1408092925 1
1408092925 2b
1408092926 1
1408092926 2b
1408092929 1
1408092929 2b
1408092931 1
1408092931 2b
1408092933 1
1408092933 2b
1408092935 1
1408092935 2a
1408092938 1
1408092938 2b
1408092939 1
1408092939 2c
1408092942 1
1408092942 2b
1408092944 1
1408092944 2b
1408092945 1
1408092945 2b
1408092948 1
1408092948 2b
1408092950 1
1408092950 2b
1408092951 1
1408092951 2b
1408092954 1
1408092954 2b
1408092956 1
1408092956 2b
1408092957 1
1408092957 2b
1408092960 1
1408092960 2b
1408092962 1
1408092962 2b
1408092963 1
1408092963 2b
1408092966 1
1408092966 2b
1408092968 1
1408092968 2b
1408092970 1
1408092970 2b
1408092972 1
1408092972 2a
1408092974 1
1408092974 2b
1408092976 1
1408092976 2c
1408092979 1
1408092979 2a
1408092981 1
1408092981 2b
1408092982 1
1408092982 2d
1408092985 1
1408092985 2e
1408092987 1
1408092987 2e
1408092988 1
1408092988 2e
1408092991 1
1408092991 2b
1408092993 1
1408092993 2b
1408092994 1
1408092994 2c
1408092997 1
1408092997 2b
1408092999 1
1408092999 2b
1408093001 1
1408093001 2c
1408093003 1
1408093003 2b
1408093005 1
1408093005 2b
1408093007 1
1408093007 2c
1408093008 1
1408093008 2c
1408093010 1
1408093010 2b
1408093012 1
1408093012 2b
1408093013 1
1408093013 2c
1408093016 1
1408093016 2a
1408093018 1
1408093018 2b
1408093019 1
1408093019 2c
1408093022 1
1408093022 2b
1408093024 1
1408093024 2b
1408093025 1
1408093025 2c
1408093028 1
1408093028 2b
1408093030 1
1408093030 2b
1408093032 1
1408093032 2b
1408093034 1
1408093034 2b
1408093036 1
1408093036 2b
1408093038 1
1408093038 2c
1408093041 1
1408093041 2b
1408093043 1
1408093043 2b
1408093044 1
1408093044 2c
1408093047 1
1408093047 2a
1408093049 1
1408093049 2b
1408093050 1
1408093050 2b
1408093053 1
1408093053 2b
1408093055 1
1408093055 2b
1408093056 1
1408093056 2c
1408093059 1
1408093059 2b
1408093061 1
1408093061 2b
1408093062 1
1408093062 2c
1408093065 1
1408093065 2b
1408093067 1
1408093067 2b
1408093069 1
1408093069 2b
1408093071 1
1408093071 2b
1408093073 1
1408093073 2b
1408093075 1
1408093075 2b
1408093078 1
1408093078 2b
Refreshing cookie
1408093080 1
1408093080 2b
1408093081 1
1408093081 2c
1408093084 1
1408093084 2b
1408093086 1
1408093086 2b
1408093087 1
1408093087 2c
1408093090 1
1408093090 2a
1408093092 1
1408093092 2b
1408093093 1
1408093093 2c
1408093096 1
1408093096 2b
1408093098 1
1408093098 2b
1408093099 1
1408093099 2c
1408093102 1
1408093102 2b
1408093104 1
1408093104 2b
1408093106 1
1408093106 2b
1408093110 1
1408093110 2b
1408093113 1
1408093113 2b
1408093115 1
1408093115 2b
1408093116 1
1408093116 2c
1408093119 1
1408093119 2b
1408093121 1
1408093121 2b
1408093123 1
1408093123 2b
1408093126 1
1408093126 2b
1408093128 1
1408093128 2b
1408093129 1
1408093129 2c
1408093132 1
1408093132 2b
1408093134 1
1408093134 2b
1408093135 1
1408093135 2c
1408093138 1
1408093138 2b
1408093140 1
1408093140 2b
1408093141 1
1408093141 2c
1408093144 1
1408093144 2b
1408093146 1
1408093146 2b
1408093147 1
1408093147 2c
1408093148 1
1408093148 2c
1408093151 1
1408093151 2b
1408093153 1
1408093153 2b
1408093157 1
1408093157 2b
1408093159 1
1408093159 2b
1408093163 1
1408093163 2b
1408093165 1
1408093165 2b
1408093169 1
1408093169 2b
1408093171 1
1408093171 2b
1408093175 1
1408093175 2b
1408093179 1
1408093179 2b
1408093182 1
1408093182 2b
1408093186 1
1408093186 2b
1408093190 1
1408093190 2b
1408093192 1
1408093192 2b
1408093196 1
1408093196 2a
1408093198 1
1408093198 2b
1408093202 1
1408093202 2c
1408093204 1
1408093204 2b
1408093208 1
1408093208 2a
1408093210 1
1408093210 2b
1408093214 1
1408093214 2b
1408093218 1
1408093218 2b
1408093221 1
1408093221 2b
1408093225 1
1408093225 2a
1408093227 1
1408093227 2b
1408093231 1
1408093231 2b
1408093235 1
1408093235 2a
1408093237 1
1408093237 2b
1408093241 1
1408093241 2b
1408093243 1
1408093243 2b
1408093247 1
1408093247 2b
1408093249 1
1408093249 2b
1408093253 1
1408093253 2b
1408093256 1
1408093256 2b
1408093260 1
1408093260 2b
1408093262 1
1408093262 2b
1408093266 1
1408093266 2a
1408093270 1
1408093270 2a
1408093272 1
1408093272 2b
1408093276 1
1408093276 2a
1408093278 1
1408093278 2b
1408093282 1
1408093282 2b
1408093284 1
1408093284 2b
1408093288 1
1408093288 2a
1408093291 1
1408093291 2b
1408093295 1
1408093295 2b
1408093299 1
1408093299 2b
1408093304 1
1408093304 2a
1408093370 1
1408093370 2b
1408093372 1
1408093372 2b
1408093376 1
1408093376 2a
1408093378 1
1408093378 2b
1408093382 1
1408093382 2b
Refreshing cookie
1408093401 1
1408093401 2a
1408093403 1
1408093403 2a
1408093407 1
1408093407 2a
1408093409 1
1408093409 2b
1408093413 1
1408093413 2a
1408093416 1
1408093416 2b
1408093419 1
1408093419 2a
1408093424 1
1408093424 2a
1408093426 1
1408093426 2a
1408093430 1
1408093430 2b
1408093432 1
1408093432 2b
1408093436 1
1408093436 2b
1408093438 1
1408093438 2b
1408093442 1
1408093442 2a
1408093444 1
1408093444 2b
1408093512 1
1408093512 2b
1408093517 1
1408093517 2b
1408093521 1
1408093521 2b
1408093523 1
1408093523 2c
1408093527 1
1408093527 2b
1408093529 1
1408093529 2c
1408093533 1
1408093533 2b
1408093541 1
1408093541 2b
1408093545 1
1408093545 2b
1408093547 1
1408093547 2b
1408093551 1
1408093551 2b
1408093553 1
1408093553 2b
1408093557 1
1408093557 2b
1408093560 1
1408093560 2c
1408093564 1
1408093564 2b
1408093566 1
1408093566 2c
1408093570 1
1408093570 2b
1408093572 1
1408093572 2c
1408093576 1
1408093576 2b
1408093578 1
1408093578 2c
1408093582 1
1408093582 2b
1408093584 1
1408093584 2b
1408093588 1
1408093588 2b
1408093656 1
1408093656 2b
1408093659 1
1408093659 2c
1408093663 1
1408093663 2b
1408093667 1
1408093667 2b
1408093669 1
1408093669 2c
1408093673 1
1408093673 2b
1408093675 1
1408093675 2c
1408093679 1
1408093679 2b
1408093681 1
1408093681 2b
1408093685 1
1408093685 2b
Refreshing cookie
1408093689 1
1408093689 2b
1408093691 1
1408093691 2b
1408093695 1
1408093695 2b
1408093698 1
1408093698 2b
1408093702 1
1408093702 2b
1408093704 1
1408093704 2b
1408093708 1
1408093708 2b
1408093711 1
1408093711 2b
1408093712 1
1408093712 2c
1408093714 1
1408093714 2b
1408093715 1
1408093715 2c
1408093717 1
1408093717 2b
1408093719 1
1408093719 2b
1408093721 1
1408093721 2b
1408093723 1
1408093723 2b
1408093725 1
1408093725 2b
1408093727 1
1408093727 2b
1408093729 1
1408093729 2b
1408093731 1
1408093731 2b
1408093733 1
1408093733 2b
1408093736 1
1408093736 2b
1408093738 1
1408093738 2b
1408093740 1
1408093740 2b
1408093742 1
1408093742 2b
1408093744 1
1408093744 2b
1408093746 1
1408093746 2b
1408093748 1
1408093748 2b
1408093750 1
1408093750 2b
1408093752 1
1408093752 2b
1408093754 1
1408093754 2b
1408093756 1
1408093756 2b
1408093758 1
1408093758 2b
1408093760 1
1408093760 2b
1408093762 1
1408093762 2b
1408093764 1
1408093764 2b
1408093766 1
1408093766 2b
1408093769 1
1408093769 2a
1408093771 1
1408093771 2b
1408093773 1
1408093773 2b
1408093775 1
1408093775 2b
1408093777 1
1408093777 2b
1408093780 1
1408093780 2b
1408093781 1
1408093781 2b
1408093783 1
1408093783 2b
1408093785 1
1408093785 2b
1408093787 1
1408093787 2b
1408093789 1
1408093789 2b
1408093791 1
1408093791 2b
1408093793 1
1408093793 2b
1408093795 1
1408093795 2b
1408093798 1
1408093798 2b
1408093800 1
1408093800 2b
1408093802 1
1408093802 2b
1408093804 1
1408093804 2c
1408093806 1
1408093806 2b
1408093808 1
1408093808 2b
1408093810 1
1408093810 2c
1408093811 1
1408093811 2c
1408093812 1
1408093812 2c
1408093814 1
1408093814 2d
1408093815 1
1408093815 2c
1408093816 1
1408093816 2c
1408093817 1
1408093817 2c
1408093819 1
1408093819 2c
1408093820 1
1408093820 2b
1408093821 1
1408093821 2c
1408093822 1
1408093822 2c
1408093824 1
1408093824 2c
1408093825 1
1408093825 2b
1408093826 1
1408093826 2c
1408093827 1
1408093827 2d
1408093829 1
1408093829 2c
1408093830 1
1408093830 2b
1408093831 1
1408093831 2c
1408093832 1
1408093832 2c
1408093834 1
1408093834 2d
1408093835 1
1408093835 2b
1408093836 1
1408093836 2c
1408093837 1
1408093837 2d
1408093839 1
1408093839 2d
1408093840 1
1408093840 2c
1408093841 1
1408093841 2c
1408093842 1
1408093842 2c
1408093844 1
1408093844 2d
1408093845 1
1408093845 2b
1408093846 1
1408093846 2c
1408093847 1
1408093847 2d
1408093848 1
1408093848 2c
1408093850 1
1408093850 2c
1408093851 1
1408093851 2c
1408093852 1
1408093852 2c
1408093854 1
1408093854 2c
1408093855 1
1408093855 2c
1408093856 1
1408093856 2b
1408093857 1
1408093857 2c
1408093859 1
1408093859 2c
1408093860 1
1408093860 2c
1408093861 1
1408093861 2b
1408093862 1
1408093862 2c
1408093863 1
1408093864 2c
1408093865 1
1408093865 2c
1408093866 1
1408093866 2b
1408093867 1
1408093867 2d
1408093869 1
1408093869 2d
1408093870 1
1408093870 2b
1408093871 1
1408093871 2c
1408093872 1
1408093872 2c
1408093873 1
1408093873 2c
1408093875 1
1408093875 2c
1408093876 1
1408093876 2b
1408093877 1
1408093877 2c
1408093878 1
1408093878 2c
1408093880 1
1408093880 2d
1408093881 1
1408093881 2b
1408093882 1
1408093882 2d
1408093883 1
1408093883 2d
1408093885 1
1408093885 2d
1408093886 1
1408093886 2b
1408093887 1
1408093887 2c
1408093888 1
1408093888 2d
1408093890 1
1408093890 2d
1408093891 1
1408093891 2b
1408093892 1
1408093892 2c
1408093893 1
1408093893 2c
1408093895 1
1408093895 2c
1408093896 1
1408093896 2c
1408093897 1
1408093897 2c
1408093899 1
1408093899 2c
1408093900 1
1408093900 2d
1408093901 1
1408093901 2b
1408093902 1
1408093902 2c
1408093903 1
1408093903 2c
1408093905 1
1408093905 2c
1408093906 1
1408093906 2b
1408093907 1
1408093907 2c
1408093909 1
1408093909 2c
1408093910 1
1408093910 2c
1408093911 1
1408093911 2b
1408093912 1
1408093912 2c
1408093913 1
1408093913 2c
1408093915 1
1408093915 2d
1408093916 1
1408093916 2b
1408093917 1
1408093917 2c
1408093918 1
1408093918 2d
1408093920 1
1408093920 2c
1408093921 1
1408093921 2c
1408093922 1
1408093922 2b
1408093923 1
1408093923 2c
1408093925 1
1408093925 2c
1408093926 1
1408093926 2c
1408093927 1
1408093927 2b
1408093928 1
1408093928 2c
1408093930 1
1408093930 2c
1408093931 1
1408093931 2c
1408093932 1
1408093932 2c
1408093933 1
1408093933 2c
1408093935 1
1408093935 2c
1408093936 1
1408093936 2c
1408093937 1
1408093937 2b
1408093938 1
1408093938 2c
1408093939 1
1408093939 2c
1408093941 1
1408093941 2c
1408093942 1
1408093942 2c
1408093943 1
1408093943 2b
1408093944 1
1408093944 30
1408093946 1
1408093946 2c
1408093947 1
1408093947 2c
1408093948 1
1408093948 2b
1408093949 1
1408093949 2c
1408093951 1
1408093951 2d
1408093952 1
1408093952 2d
1408093953 1
1408093953 2b
1408093954 1
1408093954 2c
1408093956 1
1408093956 2c
1408093957 1
1408093957 2c
1408093958 1
1408093958 2b
1408093959 1
1408093959 2c
1408093961 1
1408093961 2c
1408093962 1
1408093962 2c
1408093963 1
1408093963 2c
1408093964 1
1408093964 2b
1408093966 1
1408093966 2c
1408093967 1
1408093967 2c
1408093968 1
1408093968 2b
1408093969 1
1408093969 2d
1408093971 1
1408093971 2d
1408093972 1
1408093972 2d
1408093973 1
1408093973 2d
1408093974 1
1408093974 2c
1408093975 1
1408093975 2c
1408093977 1
1408093977 2d
1408093978 1
1408093978 2c
1408093979 1
1408093979 2b
1408093980 1
1408093980 2c
1408093982 1
1408093982 2d
1408093983 1
1408093983 2c
1408093984 1
1408093984 2b
1408093985 1
1408093985 2c
1408093987 1
1408093987 2c
Refreshing cookie
1408093988 1
1408093988 2d
1408093989 1
1408093989 2b
1408093990 1
1408093990 2c
1408093992 1
1408093992 2d
1408093993 1
1408093993 2d
1408093994 1
1408093994 2b
1408093995 1
1408093995 2c
1408093997 1
1408093997 2c
1408093998 1
1408093998 2c
1408093999 1
1408093999 2c
1408094000 1
1408094000 2d
1408094002 1
1408094002 2d
1408094003 1
1408094003 2d
1408094004 1
1408094004 2c
1408094005 1
1408094005 2d
1408094007 1
1408094007 2d
1408094008 1
1408094008 2d
1408094009 1
1408094009 2c
1408094011 1
1408094011 2d
1408094012 1
1408094012 2c
1408094013 1
1408094013 2d
1408094014 1
1408094014 2c
1408094015 1
1408094015 2c
1408094017 1
1408094017 2c
1408094018 1
1408094018 2c
1408094019 1
1408094019 2c
1408094021 1
1408094021 2d
1408094022 1
1408094022 2c
1408094023 1
1408094023 2b
1408094024 1
1408094024 2c
1408094026 1
1408094026 2d
1408094027 1
1408094027 2b
1408094029 1
1408094029 2d
1408094030 1
1408094030 2c
1408094032 1
1408094032 2c
1408094033 1
1408094033 2c
1408094034 1
1408094034 2d
1408094035 1
1408094035 2b
1408094037 1
1408094037 2c
1408094038 1
1408094038 2d
1408094039 1
1408094039 2c
1408094040 1
1408094040 2c
1408094042 1
1408094042 2c
1408094043 1
1408094043 2c
1408094044 1
1408094044 2b
1408094045 1
1408094045 2d
1408094047 1
1408094047 2c
1408094048 1
1408094048 2c
1408094049 1
1408094049 2b
1408094051 1
1408094051 2c
1408094052 1
1408094052 2d
1408094053 1
1408094053 2d
1408094054 1
1408094054 2b
1408094056 1
1408094056 2d
1408094057 1
1408094057 2d
1408094058 1
1408094058 2c
1408094059 1
1408094059 2c
1408094061 1
1408094061 2c
1408094062 1
1408094062 2c
1408094063 1
1408094063 2d
1408094064 1
1408094064 2b
1408094065 1
1408094065 2c
1408094067 1
1408094067 2c
1408094068 1
1408094068 2c
1408094069 1
1408094069 2b
1408094071 1
1408094071 2c
1408094072 1
1408094072 2d
1408094073 1
1408094073 2b
1408094075 1
1408094075 2c
1408094076 1
1408094076 2c
1408094077 1
1408094077 2c
1408094078 1
1408094078 2d
1408094079 1
1408094079 2b
1408094081 1
1408094081 2c
1408094082 1
1408094082 2c
1408094083 1
1408094083 2b
1408094085 1
1408094085 2c
1408094086 1
1408094086 2d
1408094087 1
1408094087 2c
1408094088 1
1408094088 2d
1408094089 1
1408094089 2c
1408094091 1
1408094091 2c
1408094092 1
1408094092 2d
1408094093 1
1408094093 2c
1408094095 1
1408094095 2c
1408094096 1
1408094096 2c
1408094097 1
1408094097 2c
1408094099 1
1408094099 2b
1408094100 1
1408094100 2c
1408094101 1
1408094101 2b
1408094103 1
1408094103 2c
1408094104 1
1408094104 2c
1408094105 1
1408094105 2c
1408094106 1
1408094106 2b
1408094108 1
1408094108 2c
1408094109 1
1408094109 2c
1408094110 1
1408094110 2c
1408094111 1
1408094111 2c
1408094113 1
1408094113 2c
1408094114 1
1408094114 2c
1408094115 1
1408094115 2d
1408094116 1
1408094116 2c
1408094117 1
1408094117 2c
1408094119 1
1408094119 2c
1408094120 1
1408094120 2d
1408094121 1
1408094121 2b
1408094123 1
1408094123 2c
1408094124 1
1408094124 2d
1408094125 1
1408094125 2c
1408094128 1
1408094128 2b
1408094130 1
1408094130 2b
1408094134 1
1408094134 2a
1408094138 1
1408094138 2b
1408094140 1
1408094140 2c
1408094144 1
1408094144 2b
1408094148 1
1408094148 2b
1408094150 1
1408094150 2b
1408094154 1
1408094154 2b
1408094157 1
1408094157 2b
1408094161 1
1408094161 2b
1408094163 1
1408094163 2b
1408094167 1
1408094167 2b
1408094169 1
1408094169 2b
1408094173 1
1408094173 2b
1408094175 1
1408094175 2c
1408094179 1
1408094179 2b
1408094181 1
1408094181 2b
1408094183 1
1408094183 2b
1408094187 1
1408094187 2a
1408094189 1
1408094189 2b
1408094192 1
1408094192 2b
1408094195 1
1408094195 2b
1408094198 1
1408094198 2b
1408094202 1
1408094202 2b
1408094204 1
1408094204 2b
1408094208 1
1408094208 2b
1408094210 1
1408094210 2b
1408094214 1
1408094214 2b
1408094216 1
1408094216 2b
1408094220 1
1408094220 2b
1408094222 1
1408094222 2b
1408094226 1
1408094226 2b
1408094228 1
1408094228 2b
1408094232 1
1408094232 2b
1408094235 1
1408094235 2b
1408094239 1
1408094239 2b
1408094242 1
1408094242 2b
1408094243 1
1408094243 2c
1408094244 1
1408094244 2d
1408094246 1
1408094246 2b
1408094247 1
1408094247 2c
1408094249 1
1408094249 2b
1408094251 1
1408094251 2b
1408094253 1
1408094253 2b
1408094255 1
1408094255 2b
1408094257 1
1408094257 2b
1408094259 1
1408094259 2b
1408094261 1
1408094261 2b
1408094263 1
1408094263 2b
1408094265 1
1408094265 2b
1408094267 1
1408094267 2b
1408094269 1
1408094269 2b
1408094271 1
1408094271 2b
1408094273 1
1408094273 2b
1408094275 1
1408094275 2b
1408094277 1
1408094277 2b
1408094280 1
1408094280 2b
1408094282 1
1408094282 2c
1408094284 1
1408094284 2b
1408094286 1
1408094286 2b
1408094288 1
1408094288 2b
Refreshing cookie
1408094290 1
1408094290 2b
1408094292 1
1408094292 2b
1408094294 1
1408094294 2b
1408094296 1
1408094296 2b
1408094298 1
1408094298 2b
1408094300 1
1408094300 2b
1408094302 1
1408094302 2c
1408094304 1
1408094304 2b
1408094306 1
1408094306 2b
1408094308 1
1408094308 2b
1408094310 1
1408094310 2b
1408094312 1
1408094312 2c
1408094313 1
1408094313 2b
1408094314 1
1408094314 2d
1408094316 1
1408094316 2b
1408094319 1
1408094319 2b
1408094321 1
1408094321 2c
1408094323 1
1408094323 2c
1408094325 1
1408094325 2c
1408094327 1
1408094327 2b
1408094329 1
1408094329 2b
1408094331 1
1408094331 2b
1408094333 1
1408094333 2b
1408094335 1
1408094335 2b
1408094337 1
1408094337 2b
1408094339 1
1408094339 2c
1408094341 1
1408094341 2b
1408094343 1
1408094343 2b
1408094345 1
1408094345 2b
1408094347 1
1408094347 2b
1408094349 1
1408094349 2b
1408094351 1
1408094351 2b
1408094353 1
1408094353 2b
1408094355 1
1408094355 2b
1408094358 1
1408094358 2b
1408094360 1
1408094360 2b
1408094362 1
1408094362 2b
1408094364 1
1408094364 2b
1408094366 1
1408094366 2c
1408094368 1
1408094368 2c
1408094370 1
1408094370 2b
1408094372 1
1408094372 2b
1408094374 1
1408094374 2b
1408094375 1
1408094375 2c
1408094377 1
1408094377 2b
1408094379 1
1408094379 2b
1408094381 1
1408094381 2b
1408094383 1
1408094383 2b
1408094385 1
1408094385 2b
1408094387 1
1408094387 2b
1408094389 1
1408094389 2b
1408094391 1
1408094391 2b
1408094393 1
1408094393 2b
1408094396 1
1408094396 2b
1408094398 1
1408094398 2b
1408094400 1
1408094400 2b
1408094402 1
1408094402 2c
1408094404 1
1408094404 2b
1408094406 1
1408094406 2b
1408094408 1
1408094408 2b
1408094410 1
1408094410 2b
1408094412 1
1408094412 2c
1408094413 1
1408094413 2c
1408094415 1
1408094415 2c
1408094417 1
1408094417 2c
1408094419 1
1408094419 2b
1408094421 1
1408094421 2b
1408094423 1
1408094423 2c
1408094425 1
1408094425 2c
1408094427 1
1408094427 2c
1408094429 1
1408094429 2b
1408094431 1
1408094431 2b
1408094432 1
1408094432 2c
1408094434 1
1408094434 2b
1408094436 1
1408094436 2b
1408094438 1
1408094438 2b
1408094440 1
1408094440 2b
1408094442 1
1408094442 2b
1408094444 1
1408094444 2b
1408094446 1
1408094446 2b
1408094448 1
1408094448 2b
1408094450 1
1408094450 2b
1408094452 1
1408094452 2b
1408094455 1
1408094455 2b
1408094457 1
1408094457 2b
1408094459 1
1408094459 2c
1408094460 1
1408094460 2c
1408094462 1
1408094462 2c
1408094464 1
1408094464 2b
1408094466 1
1408094466 2b
1408094468 1
1408094468 2b
1408094470 1
1408094470 2b
1408094471 1
1408094471 2c
1408094473 1
1408094473 2b
1408094475 1
1408094475 2c
1408094477 1
1408094477 2b
1408094479 1
1408094479 2b
1408094481 1
1408094481 2b
1408094484 1
1408094484 2b
1408094486 1
1408094486 2b
1408094488 1
1408094488 2c
1408094490 1
1408094490 2b
1408094492 1
1408094492 2b
1408094493 1
1408094493 2b
1408094495 1
1408094495 2b
1408094497 1
1408094497 2b
1408094499 1
1408094499 2b
1408094501 1
1408094501 2b
1408094503 1
1408094503 2b
1408094505 1
1408094505 2b
1408094507 1
1408094507 2b
1408094509 1
1408094509 2b
1408094512 1
1408094512 2c
1408094514 1
1408094514 2b
1408094516 1
1408094516 2b
1408094518 1
1408094518 2b
1408094520 1
1408094520 2c
1408094522 1
1408094522 2c
1408094524 1
1408094524 2e
1408094526 1
1408094526 2d
1408094528 1
1408094528 2b
1408094530 1
1408094530 2b
1408094533 1
1408094533 2b
1408094534 1
1408094534 2c
1408094536 1
1408094536 2b
1408094538 1
1408094538 2c
1408094540 1
1408094540 2b
1408094542 1
1408094542 2b
1408094545 1
1408094545 2b
1408094547 1
1408094547 2c
1408094549 1
1408094549 2c
1408094550 1
1408094550 2c
1408094551 1
1408094551 2b
1408094553 1
1408094553 2c
1408094555 1
1408094555 2b
1408094556 1
1408094556 2c
1408094558 1
1408094558 2d
1408094559 1
1408094559 2c
1408094561 1
1408094561 2b
1408094563 1
1408094563 2c
1408094565 1
1408094565 2c
1408094566 1
1408094566 2d
1408094567 1
1408094567 2b
1408094569 1
1408094569 2c
1408094571 1
1408094571 2b
1408094573 1
1408094573 2b
1408094575 1
1408094575 2b
1408094577 1
1408094577 2b
1408094579 1
1408094579 2b
1408094581 1
1408094581 2b
1408094582 1
1408094582 2b
1408094585 1
1408094585 2b
1408094586 1
1408094586 2c
1408094588 1
1408094588 2b
1408094590 1
1408094590 2b
Refreshing cookie
1408094592 1
1408094592 2b
1408094594 1
1408094594 2b
1408094596 1
1408094596 2b
1408094598 1
1408094598 2b
1408094600 1
1408094600 2b
1408094602 1
1408094602 2b
1408094605 1
1408094605 2b
1408094607 1
1408094607 2b
1408094609 1
1408094609 2b
1408094611 1
1408094611 2b
1408094613 1
1408094613 22
1408094615 1
1408094615 18
1408094617 1
1408094617 1a
1408094619 1
1408094619 1a
1408094621 1
1408094621 19
1408094623 1
1408094623 19
1408094625 1
1408094625 19
1408094627 1
1408094627 19
1408094629 1
1408094629 1a
1408094631 1
1408094631 12
1408094633 1
1408094633 13
1408094634 1
1408094634 12
1408094635 1
1408094635 11
1408094637 1
1408094637 11
1408094638 1
1408094638 11
1408094639 1
1408094639 11
1408094641 1
1408094641 11
1408094644 1
1408094644 10
1408094646 1
1408094646 8
1408094648 1
1408094648 8
1408094650 1
1408094650 8
1408094652 1
1408094652 7
1408094653 1
1408094653 8
1408094654 1
1408094654 8
1408094655 1
1408094655 7
1408094657 1
1408094657 8
1408094659 1
1408094659 8
1408094661 1
1408094661 8
1408094663 1
1408094663 7
1408094665 0
1408094665 e9
1408094667 0
1408094667 e9
1408094669 0
1408094669 e9
1408094671 0
1408094671 ea
1408094672 0
1408094672 ea
1408094674 0
1408094674 eb
1408094675 0
1408094675 e8
1408094677 0
1408094677 e8
1408094679 0
1408094679 e8
1408094681 0
1408094681 e8
1408094684 0
1408094684 e8
1408094686 0
1408094686 e8
1408094688 0
1408094688 e8
1408094690 0
1408094690 e8
1408094692 0
1408094692 e8
1408094694 0
1408094694 e8
1408094696 0
1408094696 e8
1408094698 0
1408094698 e8
1408094700 0
1408094700 e8
1408094702 0
1408094702 e8
1408094704 0
1408094704 e8
1408094706 0
1408094706 e8
1408094708 0
1408094708 e8
1408094710 0
1408094710 e9
1408094712 0
1408094712 e8
1408094714 0
1408094714 e8
1408094716 0
1408094716 e8
1408094718 0
1408094718 e8
1408094721 0
1408094721 e8
1408094723 0
1408094723 e8
1408094725 0
1408094725 e8
1408094727 0
1408094727 e8
1408094729 0
1408094729 e8
1408094731 0
1408094731 e8
1408094733 0
1408094733 e8
1408094734 0
1408094734 e9
1408094736 0
1408094736 e8
1408094738 0
1408094738 e8
1408094740 0
1408094740 e7
1408094742 0
1408094742 e8
1408094744 0
1408094744 e9
1408094746 0
1408094746 e9
1408094748 0
1408094748 e8
1408094750 0
1408094750 ea
1408094753 0
1408094753 ea
1408094755 0
1408094755 ea
1408094757 0
1408094757 ea
1408094759 0
1408094759 ea
1408094761 0
1408094761 ea
1408094763 0
1408094763 ea
1408094765 0
1408094765 ea
1408094766 0
1408094766 eb
1408094768 0
1408094768 ea
1408094770 0
1408094770 ea
1408094772 0
1408094772 ea
1408094774 0
1408094774 e9
1408094776 0
1408094776 ea
1408094778 0
1408094778 ea
1408094780 0
1408094780 ea
1408094782 0
1408094782 ea
1408094784 0
1408094784 eb
1408094786 0
1408094786 eb
1408094788 0
1408094788 ea
1408094791 0
1408094791 e9
1408094793 0
1408094793 e9
1408094794 0
1408094794 ec
1408094796 0
1408094796 e9
1408094798 0
1408094798 ea
1408094800 0
1408094800 ea
1408094802 0
1408094802 ea
1408094804 0
1408094804 e9
1408094806 0
1408094806 ea
1408094808 0
1408094808 ea
1408094810 0
1408094810 ea
1408094812 0
1408094812 ea
1408094814 0
1408094814 e9
1408094816 0
1408094816 e9
1408094818 0
1408094818 ea
1408094820 0
1408094820 ea
1408094822 0
1408094822 eb
1408094824 0
1408094824 ea
1408094826 0
1408094826 e9
1408094828 0
1408094828 e9
1408094830 0
1408094830 ea
1408094832 0
1408094832 e9
1408094834 0
1408094834 e9
1408094836 0
1408094836 e9
1408094838 0
1408094838 ea
1408094840 0
1408094840 e9
1408094842 0
1408094842 ea
1408094844 0
1408094844 e9
1408094846 0
1408094846 ea
1408094848 0
1408094848 ea
1408094850 0
1408094850 ea
1408094852 0
1408094852 ea
1408094854 0
1408094854 ea
1408094856 0
1408094856 ea
1408094858 0
1408094858 e9
1408094860 0
1408094860 ea
1408094863 0
1408094863 eb
1408094865 0
1408094865 ea
1408094867 0
1408094867 ea
1408094869 0
1408094869 ea
1408094871 0
1408094871 ea
1408094873 0
1408094873 ea
1408094874 0
1408094874 ec
1408094876 0
1408094876 ea
1408094878 0
1408094878 ea
1408094880 0
1408094880 e9
1408094882 0
1408094882 ea
1408094884 0
1408094884 ea
1408094886 0
1408094886 ea
1408094888 0
1408094888 ea
1408094890 0
1408094890 ea
1408094892 0
1408094892 eb
Refreshing cookie
1408094894 0
1408094894 eb
1408094896 0
1408094896 eb
1408094897 0
1408094897 ea
1408094899 0
1408094899 e9
1408094902 0
1408094902 ea
1408094904 0
1408094904 eb
1408094906 0
1408094906 ea
1408094908 0
1408094908 ea
1408094910 0
1408094910 ea
1408094911 0
1408094911 eb
1408094913 0
1408094913 ea
1408094915 0
1408094915 ea
1408094917 0
1408094917 ea
1408094919 0
1408094919 ea
1408094921 0
1408094921 ea
1408094923 0
1408094923 ea
1408094925 0
1408094925 ea
1408094927 0
1408094927 ea
1408094929 0
1408094929 ea
1408094931 0
1408094931 ea
1408094933 0
1408094933 e9
1408094936 0
1408094936 e9
1408094938 0
1408094938 ea
1408094940 0
1408094940 e9
1408094942 0
1408094942 eb
1408094944 0
1408094944 ea
1408094946 0
1408094946 ea
1408094948 0
1408094948 ea
1408094950 0
1408094950 ea
1408094952 0
1408094952 ea
1408094954 0
1408094954 ea
1408094956 0
1408094956 ea
1408094958 0
1408094958 ea
1408094960 0
1408094960 ea
1408094962 0
1408094962 ea
1408094964 0
1408094964 e9
1408094966 0
1408094966 e9
1408094968 0
1408094968 e9
1408094971 0
1408094971 e9
1408094972 0
1408094972 e9
1408094974 0
1408094974 ea
1408094976 0
1408094976 e9
1408094978 0
1408094978 e9
1408094980 0
1408094980 e9
1408094982 0
1408094982 ea
1408094984 0
1408094984 e9
1408094986 0
1408094986 e9
1408094988 0
1408094988 e9
1408094990 0
1408094990 e9
1408094992 0
1408094992 e9
1408094993 0
1408094993 ec
1408094995 0
1408094995 eb
1408094996 0
1408094996 e9
1408094998 0
1408094998 e9
1408095001 0
1408095001 e9
1408095002 0
1408095002 ea
1408095005 0
1408095005 e9
1408095007 0
1408095007 e9
1408095009 0
1408095009 e9
1408095011 0
1408095011 e9
1408095013 0
1408095013 ea
1408095015 0
1408095015 ea
1408095017 0
1408095017 e9
1408095019 0
1408095019 e9
1408095021 0
1408095021 e9
1408095023 0
1408095023 e9
1408095025 0
1408095025 e9
1408095027 0
1408095027 e9
1408095029 0
1408095029 e9
1408095033 0
1408095033 e8
1408095034 0
1408095034 e9
1408095036 0
1408095036 e9
1408095038 0
1408095038 e9
1408095040 0
1408095040 e9
1408095043 0
1408095043 e9
1408095045 0
1408095045 e9
1408095047 0
1408095047 ea
1408095048 0
1408095048 e9
1408095050 0
1408095050 ea
1408095052 0
1408095052 e9
1408095054 0
1408095054 ea
1408095056 0
1408095056 e9
1408095058 0
1408095058 ea
1408095060 0
1408095060 e9
1408095062 0
1408095062 e9
1408095064 0
1408095064 e9
1408095066 0
1408095066 e9
1408095068 0
1408095068 e9
1408095070 0
1408095070 e9
1408095072 0
1408095072 e9
1408095074 0
1408095074 e9
1408095077 0
1408095077 e9
1408095079 0
1408095079 e9
1408095081 0
1408095081 e9
1408095083 0
1408095083 e9
1408095085 0
1408095085 e9
1408095087 0
1408095087 ea
1408095089 0
1408095089 e9
1408095091 0
1408095091 e9
1408095093 0
1408095093 eb
1408095095 0
1408095095 e8
1408095096 0
1408095096 eb
1408095098 0
1408095098 e9
1408095100 0
1408095100 e9
1408095102 0
1408095102 e9
1408095104 0
1408095104 e9
1408095106 0
1408095106 e9
1408095109 0
1408095109 e9
1408095111 0
1408095111 e9
1408095113 0
1408095113 e9
1408095115 0
1408095115 e9
1408095117 0
1408095117 e8
1408095119 0
1408095119 e9
1408095121 0
1408095121 e9
1408095123 0
1408095123 e9
1408095125 0
1408095125 ea
1408095127 0
1408095127 e9
1408095129 0
1408095129 ea
1408095131 0
1408095131 e9
1408095133 0
1408095133 e9
1408095135 0
1408095135 e9
1408095137 0
1408095137 e8
1408095140 0
1408095140 e9
1408095142 0
1408095142 e9
1408095144 0
1408095144 e8
1408095145 0
1408095145 eb
1408095147 0
1408095147 e9
1408095149 0
1408095149 e9
1408095151 0
1408095151 e9
1408095153 0
1408095153 e9
1408095154 0
1408095154 ea
1408095156 0
1408095156 e9
1408095158 0
1408095158 e9
1408095160 0
1408095160 ea
1408095162 0
1408095162 e9
1408095164 0
1408095164 e9
1408095166 0
1408095166 ea
1408095168 0
1408095168 e9
1408095170 0
1408095170 e9
1408095171 0
1408095171 ea
1408095173 0
1408095173 ea
1408095174 0
1408095174 e9
1408095176 0
1408095176 e9
1408095179 0
1408095179 e9
1408095180 0
1408095180 ea
1408095182 0
1408095182 e9
1408095184 0
1408095184 e8
1408095186 0
1408095186 e8
1408095188 0
1408095188 e9
1408095190 0
1408095190 e9
1408095192 0
1408095192 e8
1408095194 0
1408095194 e8
Refreshing cookie
1408095196 0
1408095196 ea
1408095198 0
1408095198 ea
1408095200 0
1408095200 e9
1408095202 0
1408095202 e9
1408095204 0
1408095204 e9
1408095206 0
1408095206 e8
1408095208 0
1408095208 e9
1408095210 0
1408095210 e9
1408095213 0
1408095213 e9
1408095214 0
1408095214 eb
1408095215 0
1408095215 eb
1408095216 0
1408095216 e9
1408095218 0
1408095218 ea
1408095220 0
1408095220 ea
1408095222 0
1408095222 e9
1408095224 0
1408095224 ea
1408095226 0
1408095226 ea
1408095228 0
1408095228 e9
1408095230 0
1408095230 ea
